10000
1048905
1021454
4448797
4237221
4631928
4934948
217781
4698449
3413743
2789413
2173189
4700939
1910326
3256074
3950321
1172665
353602
747866
504080
874566
188310
3819258
2046614
210252
4355649
2150096
4744338
2337077
4304513
4717501
789911
605195
443987
3220732
96323
4058003
3308290
3094687
3628539
2090058
4017567
4968447
4399377
998012
4655071
1795421
1628675
715242
2119552
1375089
1088601
4679788
2667200
544957
701771
357832
3746281
779026
4541341
1706040
4998892
587872
992181
3515185
1275844
2625079
1448181
361338
2295984
3135320
151767
605893
1172135
2955360
2925712
2779838
2322291
3050453
3314965
3411587
3458813
3240277
3430953
1359504
1210224
559183
4023819
4453356
685276
3467771
3777162
4362250
645990
4980793
1462172
362288
3360825
1587727
1756465
1884696
1092547
755256
664464
3556173
77746
2718789
173965
4648013
2430785
2208634
3623561
2826787
1774862
2710673
3316025
4310349
4551230
4907158
467510
4602389
912316
1984538
4160461
222871
1817782
2507298
1067405
2995691
2469462
1745718
842960
3814786
1443197
4413684
3797924
2906144
48772
958825
2147175
3099542
2158967
745849
4306940
1806332
1508836
3714314
3123188
910463
760556
2321050
3504957
1974893
4882217
2879490
3025324
1897201
376516
4740405
121799
1252675
1530629
2127620
4186058
4401052
578943
1737163
4568504
1667039
4770046
4768536
1569102
4693476
641003
4359147
1948865
1458789
3444466
3969547
4022644
2251378
3588632
3723176
3400248
2342811
1142271
271021
4581527
1018017
4858749
1314148
1193083
63917
3079933
3513124
3275957
2841514
679270
2142786
4232442
2570433
3807642
2565854
2284244
519791
2492890
2197583
1871688
1366768
282412
2474887
4455990
4157659
84156
3002298
188123
2864554
960657
4908232
2469779
790155
2166626
2240351
1165955
2784264
2944536
4042590
2172195
3395253
4613271
743306
1415184
2958111
360416
1251874
4907662
1852719
2622607
2286604
3338904
1059645
3471465
3233971
4829242
4432093
4433132
4024575
2920160
110572
4217326
4462513
3509589
4806651
467181
1493279
4536200
796284
202925
1089785
369363
775194
2920702
3480437
4465729
950258
274136
4649982
3727834
2125080
2250573
3255009
972459
2735390
1266051
252032
3485924
1349777
3074892
3913826
156210
4350640
1545306
75577
2738511
2123662
3359422
1839949
2977039
4351386
3374311
4349359
1862463
1760251
2015887
3525227
92913
2852818
2300468
3170936
4847994
88660
1213641
2274341
2440414
224762
3061610
3766689
3910515
3415879
1032603
2548949
1710033
93182
2694456
4149771
4681101
3556894
299105
916657
1131187
4673780
2865978
222518
501719
3085134
3694605
3911533
3214607
1807562
4605661
4728928
599495
4263038
1496869
4274772
2384934
4216953
4949383
2734376
3207351
363371
4541552
3339722
1644685
2845398
1178779
4416171
880241
4252573
3252017
3555479
3683280
2287530
4666201
2402950
1558256
547480
839645
1435160
3092330
2710916
2528945
1933228
170022
3636076
2028307
2395350
2603795
3733901
1556784
3562057
1787997
408931
4885289
247186
2508768
2167027
164371
4208855
3658053
2512589
4613751
369625
3653527
1625531
301648
3757927
4585131
4397892
4407224
1786602
689029
3354969
2587101
493095
1526503
4572632
4714752
4676491
3479219
3829016
4100177
98044
4355640
3747231
3504738
1043678
834020
947541
4588104
4030171
1152421
4831984
1380082
2578516
1955194
1869679
3017207
4424775
2487500
971908
1660491
950345
2288403
1849198
2739831
3892116
4550091
4036647
1737435
2034470
1658029
4582181
4722118
4862610
2106401
2307865
3342722
1833032
3875642
929178
4558074
4337489
3588842
2238351
552638
3088954
3207890
4045672
235135
1182628
1860418
543982
635005
2840075
4371601
274480
3893593
4326659
439768
4007893
4085230
2449059
3990165
1305133
2049700
1539923
1186244
754786
1458156
2818556
2615174
4498999
4974256
4599414
800109
2840011
804469
3818361
2780351
4369141
2247473
3050084
4586046
1467781
866970
3196213
4725810
4580037
2668241
4864239
2355153
2177506
1353424
1424606
2701078
1013273
3023469
3704415
2415463
3728642
2874999
310798
986996
2721773
1418784
3587578
1004840
643555
405793
4285051
107377
3838085
2161874
3153428
663181
562058
386072
4722822
4812652
760241
392790
2867937
2330261
3882780
2774036
3696971
1816803
147925
964933
4810084
2240206
4363045
674652
5223
1385867
4608052
2288607
923976
833938
617853
1377389
1429941
3240175
4076283
2097839
1834958
2286256
4706653
3923761
3488289
3393478
2236302
3374204
4668743
4408992
304270
4508380
1177173
4864465
3542610
4901835
4431022
4950752
4027492
2359362
1494381
1405118
2669128
2178347
4885720
1596474
6477
4913921
693203
4652430
4435304
634115
1020203
4203113
3755348
2407692
1547615
1387133
3541297
4403451
1500196
4052936
2892645
3199720
2167628
3784235
4646314
139962
741922
1141737
3326363
2458187
4032880
1826856
4675138
1515269
1449648
1815679
897886
3044056
3342493
3300595
332305
1497333
4812893
288707
4629133
3672757
858521
3003643
204068
520587
1655489
3787237
4063449
740942
1808368
4114868
1994738
73839
4242335
2419649
4347148
1365154
3559082
871230
1707912
2443314
4585638
995280
4023010
1540936
67743
2920042
2843070
3528807
1371675
1372404
1714724
4449915
3402635
3093733
4919137
2001790
3919491
98145
4142906
331362
3785177
1434332
1921662
4269964
2774531
2371120
4176732
456045
949317
4680045
2430539
954817
2811089
4642263
3839551
4100756
791304
1586944
4552928
1852347
1008904
4345946
3480198
3596146
2588874
781371
4954013
2650912
2239427
1584908
4541906
3763751
3279989
4022486
2538161
2791424
2716683
3772824
4636648
3428201
1550445
4073270
3622017
275852
1979660
553149
4825660
2751010
755308
2529118
1653361
347891
557263
2490392
348450
1555549
891044
4323157
800206
1278712
1644762
3364668
2200664
4959696
1176295
1809667
3943007
1745038
1499964
2050756
3288536
3913273
939908
2533752
1960774
501686
4342255
1317898
4055829
4502402
2850173
1168842
2277418
325171
3972477
2054762
3832444
1108442
3738919
2239929
1079534
4480116
428244
2710620
279927
4764536
4517095
1543790
4705308
136665
1333971
4994542
686980
4328369
1935823
446132
2061159
4472570
3837330
3122359
13384
4289661
1194408
3441097
1099726
486263
4210288
108990
1907830
4330703
4662054
663852
3713221
638563
3555587
958849
96782
1984129
3206980
3229812
4570344
2912730
4185706
3722231
3876411
976374
2876903
600546
748136
4925040
2635280
743843
2646424
4117579
964659
337835
182746
3112092
1320014
3617617
635348
838674
1680687
1967726
3316079
172131
2352257
1655718
4311022
676929
2958595
2804573
3439229
298830
3029029
4881968
1155621
391252
2122352
4925933
2589803
2855236
3938444
3842801
4687543
3483216
4466567
3724490
1066219
1513052
1806816
4783674
2032823
2242776
4944935
4642989
4859063
2065153
420527
4960867
1375540
3686936
4506371
1070470
1578297
3367368
4306420
4127528
3058374
1952774
3835875
2497780
1686998
2160704
1040331
4488582
4219508
1030939
3480912
3389527
3121361
3728898
4250094
2638795
3219694
2902955
631759
4400883
3580748
1610363
806773
3290556
1203754
2450322
4062555
3878096
1104575
856401
1698309
824137
4614715
1736550
4990866
3761226
4701918
533723
2604110
923800
3487306
2486985
2819351
349423
3132499
2464538
1163459
866033
1769361
1881763
1073788
1551666
1132413
4421447
4430949
3218020
2126359
3019664
12320
3554076
3691047
2240333
1075855
3998547
3859087
2611979
3641849
1039213
137959
1575716
4221575
2590810
3946582
4805997
174945
1406605
1152676
1294336
2092417
1901499
2354722
1192207
1172581
4614112
3000586
1696179
4764540
3628227
4069963
3357106
869074
1576997
4540634
2056454
1753050
4578112
1567185
595184
3434486
270769
3867640
3203612
1219426
1411799
2607659
1598357
2189790
4957119
2596031
2109241
2990986
2266497
4609367
259947
1020856
194925
2149594
1717740
3739591
112266
3006214
1880976
4482889
2520070
2612592
471272
3971893
3826164
2265216
2451694
4379747
4001108
931853
2261349
2684512
4310668
4566741
4784701
1788083
3042927
1576624
3806313
1817987
4149320
2264975
1655300
4801098
4091878
3941958
2621126
3927946
619525
1619963
2250984
3499726
4217811
2079051
100108
2634851
3069038
1479167
4556712
4873959
637755
3551718
423248
1778569
1989338
1844673
2521859
1753046
4652849
513471
2241958
414855
3254832
3519480
3080188
931325
3683648
2288715
1392848
1972430
2351552
1273172
4405063
2046809
4212676
58859
4084425
2283633
4647368
4236327
2990415
4950650
4916815
424115
1309787
2287498
3941440
3435999
3356754
4557358
293737
960814
1423039
2592779
2871098
2664516
577224
3447264
1521130
2053184
4141679
3245642
4923771
175334
1859377
3709647
2421540
577567
417028
3349670
4142782
4818385
4882567
811512
4681237
2247558
3889290
1407125
4743472
1621970
1650085
3443460
2777897
721304
959194
3514196
4223557
2966755
3022955
4649708
219553
2715982
2601866
2780655
4751042
2826924
237147
720937
67844
4786753
2491778
4624337
3828486
2755460
1037486
582799
3845901
3511280
2098314
3801289
1566871
4546182
4239127
4743883
4287617
2170265
4748199
290210
3066945
787129
2851531
4000502
3560900
3276310
1880920
2443103
707650
711072
2063200
4413123
4870807
2448373
952448
2006262
2380378
80887
4762133
1336960
1653472
517969
730724
1894026
2957108
16824
3354571
1479046
4690006
1871861
939617
3846137
2492711
959686
3028598
3258242
3868631
3414067
4489231
4353911
1011101
4222335
2809525
1942502
2474044
4631259
1743866
3478391
844850
4835710
1987040
2365704
3166847
671795
2566549
2421618
3853128
573711
774821
3168631
1071342
1406039
3111952
2034091
2049216
3419418
280282
2864231
631334
893374
586762
567730
1396378
879424
3175117
4215017
4114992
2702554
448198
343352
4846400
819441
2607596
4681623
1004140
3010154
1767096
4223233
1874768
4796330
3254546
1912219
3559444
4470855
2730277
3983891
3061355
1073509
4572813
4595127
351939
220604
4482519
3972927
4493787
4724924
2633802
117207
577862
3529310
2839133
4715575
3058084
3580542
3090899
1797159
3345912
4985857
3500884
2304596
4831562
4884520
4182474
4732799
2371478
230611
2842758
728922
216595
3931742
4840565
455967
2690851
2553021
2421568
503326
491186
2051750
4219007
1941963
2341252
962843
1717902
3255782
1895845
2681043
327022
1734615
3167686
503876
4819777
3113930
4505257
452527
1505755
2141492
1127760
2900019
3022145
2042328
4409113
4482217
959185
2804915
2814726
1853164
1561181
2519002
4016450
3316388
577517
2123667
1046126
3551227
4982108
2143680
1501766
189800
1734662
297502
3733086
4184165
1812270
1102510
1675020
3597355
1876892
2970825
1396214
2598324
565159
4577734
1827285
4312275
1973397
763845
22962
2301895
254410
3513847
2316309
1338698
1227749
1167953
2148567
3509281
4939514
3332832
2941926
436113
1612664
581656
345879
1927875
2970811
1527502
2387568
220357
1085717
453744
3509348
2442760
2935396
1208021
4278889
1993075
584324
2848245
2617430
1946637
4541743
4013422
4623229
741983
1140211
1867679
3863212
1938395
3885681
2019520
1666220
1007242
3737814
3743880
3331723
2665179
3826339
4487993
484374
2584087
717670
4553682
3608429
1889968
1464143
1638804
795807
2193860
3858202
864533
4011106
2617573
925593
3769523
2829427
3628667
498217
4754224
2341894
302369
924856
389404
2236822
5657
221836
1025825
2290073
1405698
2847732
231867
1371945
3126048
1062946
550388
1958537
1333479
1297770
4275335
448569
1069856
229272
49347
114363
1076501
363745
160161
3368310
1534318
747464
4801535
3102469
3134493
36692
2592767
4269230
4544033
1612743
2008575
1583897
3523169
3553437
695662
2058524
4520552
300415
3846798
2502818
2947362
2585813
4330351
1453808
2882761
2702325
461861
2927674
1432790
3538838
2879497
379545
3611026
1887486
4378347
3706575
2017217
4403220
989876
4664044
501999
3250852
4136185
2081869
273997
2913923
2304584
2411818
1003340
4887944
1080035
3662395
2776828
2932386
3182887
1505929
2873659
3344330
4620798
432740
3795734
2361654
4852722
97076
1056138
1014849
2458790
2702488
804661
1981488
3630796
1049957
3515656
2863155
3486302
4151200
594248
972824
32857
2694836
916570
1249349
2422663
397363
4089596
1093732
3980790
4354313
1394216
4009667
1408658
2699520
4177910
2736410
4416229
1502650
2817514
2101458
64908
4788468
2077517
2313975
2989581
1508551
1243877
4421512
1768538
1909325
4115767
1739538
2682399
2333378
537958
3673190
176589
2509411
1974897
1924752
3524275
2654481
4282723
3321064
1197836
4253583
667507
3558558
3732902
3229971
2515883
2046153
1981681
2262016
4879810
4611020
952774
536098
1861190
3252489
4618182
3701468
475100
320066
4438866
4949021
4131992
3487141
3598195
4200707
4168428
2573130
348267
2037929
4489154
4882474
2251603
2708340
807878
1983151
3464697
1700540
1645391
2960290
4708004
2683602
3680133
2070035
55169
1242311
3808147
2368558
1091917
3855353
4805526
1293688
2679591
4625411
283850
4466599
4976020
4881507
3173673
4922104
4100658
1467259
4944518
1777412
3363433
3605681
285838
4932792
3699711
543173
4006738
705201
662089
2815717
3588627
2440474
962382
3832664
1792885
95727
4439262
676586
4560677
3361459
1998438
3437176
4431122
4511937
1966699
1214758
4577436
4295838
1154849
4812673
2697682
2280879
2748840
1560333
2821259
1850654
1127188
1217878
1397015
4683887
3623002
3803363
1830834
4851525
1206413
305405
4043522
3905189
4126518
676888
2520014
215107
4527252
217975
2711127
3548696
1163240
433484
1675275
4400458
1449551
3690587
4278101
1842168
3185413
2619887
1323870
3715400
2453378
4942898
545512
3890817
456950
2607405
474067
2885488
175588
413589
812882
535117
4094823
4081242
1078097
2680056
1470638
596834
1994235
2697118
2933125
4887688
1292274
3519276
1624103
1547538
2344878
1315428
3407194
2875154
311810
3294044
4077802
825644
1300027
4183652
4051250
4674782
378833
3885207
341919
3883808
4112735
2319717
2281241
1576056
2782492
2095385
907264
3258179
1222305
4691272
2490487
2864338
889968
1954988
4359830
4004851
3533297
1430886
745632
3336450
4551891
1654724
3023077
262986
1080764
1839844
2537232
2884502
1437223
4546729
4752129
3878582
3745285
4817837
1379925
2278947
2105541
4950440
1832563
2480141
3955084
548581
2233012
622106
1903028
742668
4004683
443040
2599980
3529325
15758
1053164
3985321
930286
4086106
2600858
549766
3334119
4719575
2710081
4034898
2723406
768040
1700141
4518716
649413
868584
3004936
3490125
3767466
4468264
1898673
2194997
2464090
316176
713037
4344116
1572191
3423652
1826421
2796323
1529630
3669741
1474757
4872462
3313400
3294736
2023973
555583
1385262
1807001
3667345
1770860
500685
33547
2760979
4777191
4591137
264379
3744181
617847
4228951
1800669
4537158
1439230
3003372
480499
1531126
2644421
3010204
2107884
4812631
2489119
171871
3175757
2076031
2202523
1327885
2544800
714412
327030
2248869
348674
1985314
425752
3521865
4732478
3785139
1136077
4955517
3648678
4417408
1946713
3579577
2379178
4078168
2005229
495006
3133977
3128133
2738528
2922117
549040
2071618
3043105
4475731
1663764
2217674
3352507
4332707
550447
3234913
1908019
4247497
1440711
4539969
3181099
1557813
61992
1284663
4483001
1166842
429259
2865584
2502822
231839
4365403
2392018
1584950
707858
2681660
4246360
424381
2183752
830131
3876020
2939545
489897
2826335
4270214
2995068
1284473
4997521
2199564
847203
2576592
1191353
4033450
2095104
329708
2964774
1260710
2241567
2626477
2356403
4078190
1895021
4676334
839141
3302217
4062321
4758376
1102372
658841
949515
4625760
3503703
946311
3158603
2242636
1041173
987315
4249102
4735058
987816
159399
3130687
321944
2410661
429152
819829
4570843
2121078
167739
1855005
3810230
1795088
718426
3612583
1604643
1326034
2620667
4579365
3291035
2781948
4681635
4857377
3226988
692079
3525762
3800734
4997234
2783988
4103590
1105893
1105511
688679
2751992
3376670
771270
2572590
3619919
3564268
2364149
4184232
2125339
553382
631890
1235290
4824238
545455
3290104
4619551
4413620
843834
1867482
583881
1024840
85974
2556558
445862
1725016
1968947
4711930
4249087
4230151
2057113
2183266
4263980
3106901
4272713
941520
3018603
2374870
323099
699612
1266561
2384186
1335854
3025306
4058812
846311
1772472
4222145
2814221
3538560
694409
2658234
3186012
3812980
301954
2479582
2364078
2111902
887653
3772585
267640
1954137
26173
2888819
2066177
2489344
2269742
1375332
4406174
4511833
3341908
2295255
4662789
2031797
246681
3817981
1563692
4852459
602910
2004588
1600396
4394952
913814
2336952
3659810
4910502
4505201
3098998
4446638
539246
279669
2968476
4414450
208092
3516089
275518
3024895
2206412
4502757
2178708
3428423
3330380
4836869
3686528
4852696
3958391
4850681
3824374
1218882
48980
3831707
4463058
1827262
980180
2299995
1260603
4292677
3470941
2877130
947148
1208886
1232448
2998722
4719436
435749
2896099
4013000
3799862
4341597
1748731
2001234
309122
743673
285401
968645
4523294
2727106
70937
4002168
3197019
1190413
3504863
2306305
3055977
2288128
3133968
970163
3874347
2681418
1736432
3855225
1441352
3036188
2140252
2896573
2564196
4858004
4753730
4658157
1821440
2418656
3198230
4110268
3117263
198974
3926567
2052662
3161608
2069293
4743411
3838799
4024977
1104314
4152656
2681682
2483680
3770606
4078893
924723
384487
4034385
2110021
2505468
2576756
1796830
1503527
3953473
1866926
909427
2479599
136192
4364729
6943
1863457
4192996
3137466
4278429
80470
4038748
3465985
3303509
4547672
30688
4203716
4062053
2040819
463107
1594131
4355146
4199756
2866925
4662459
4784762
444365
94652
4863679
2712609
706872
663082
1815812
3637278
2082926
2841850
2129943
4652538
3200963
1558956
4125816
813568
3267693
1230439
2898869
3467143
4196428
1283767
2521182
4913196
3804961
4286475
505732
971053
1054722
4257047
3426389
2392916
605090
4943517
2541090
2449091
3347650
4631279
3639235
1311573
2519816
289351
1742963
3359520
940468
4653408
3361345
915833
4396328
244255
1827839
2452015
3771848
4092862
9040
4761557
4429968
1461508
3983134
2174899
653258
645908
1635999
1435101
273915
4527028
1005127
3495960
599190
2489558
80744
3070756
553237
3766504
2278605
3511132
1502932
504530
163007
3208608
4694144
239920
4109241
492933
2169538
3744063
2560343
1741585
239253
4732233
1095389
2219989
4980253
3203314
4177038
938270
3012252
3809464
519855
4760358
2769630
4986889
1137336
2796972
1866857
3242478
3007614
46275
4642572
397656
701563
4260566
877429
4384851
3900171
1891023
1827258
1553260
4767027
3031114
3128327
327903
1071150
1339661
785456
2567920
3766785
2947945
1552589
4842876
1150405
3446294
2159246
2390642
1028845
4272599
3451418
3522567
2406588
3882510
345657
1827493
4023546
309616
1586510
2583378
3730152
17924
4678650
3385474
35683
3113739
1067997
2233139
453203
2302596
4578872
3888980
113155
2362967
2369566
2615050
3973290
3141985
2140022
1094438
1427734
2574661
2195860
1658018
3426673
1588806
1977292
1683027
4362914
189355
75280
427149
3825175
3533299
4364048
4388094
1924703
3303176
4847618
2732941
1468755
3207229
3935184
3151103
340348
3020962
1471701
2136094
3515907
3199040
2489786
1505951
939032
1693047
4780120
609565
4987189
1304336
693270
681434
4656418
4558107
3128291
4430909
2683836
3876053
4698240
11200
1761386
2507185
1063627
4177554
1677938
1526872
4997093
4721406
653052
11573
1468218
1794062
1442480
4332770
982202
2170154
821117
3452810
3781039
4132107
4750557
4916090
1067754
4049744
1345358
1345310
1248517
3506209
3884993
4007212
4374152
3237272
2486828
4240054
1361289
2038712
4842319
4417201
1258837
189169
4238921
3273433
4867492
2943533
1522624
496430
1223903
141746
1968259
2629185
38875
2970241
3119407
1480484
3020780
3492876
418557
2450159
92548
1657526
4175444
3387823
2935787
3097672
3756890
4898942
2935939
4162033
3068873
257419
3588272
3401252
461350
2408298
3636981
745762
809175
1961079
1741677
2612229
3143910
3357973
1281716
2221188
3493957
1895306
4939206
341737
4691991
1698942
3139097
1980557
2784222
4206324
2974558
4414266
3301827
3266393
264532
1328633
185235
1440843
1500061
1794036
234039
2771875
2193
1270944
2088102
4713491
1318695
4788944
442532
1767735
1992428
28353
3791700
4821879
3101474
22626
2365342
4053932
630030
1860525
1980497
3888726
3607663
3814356
4520696
1284841
3112014
4011996
1383353
3442485
690205
3953186
2723643
2792733
3515668
4844388
2584684
1042587
581993
4021353
3032976
4875361
4522928
2468016
4199215
3861161
2301936
2734169
1793383
1062896
4743222
4453088
3920848
3805163
180985
1962072
344839
1079601
762916
433509
4097934
93946
1787157
3424997
3242668
2559192
4344445
635849
3895153
1403117
4830982
174248
127298
726274
1467411
4712483
1185531
973888
2776276
382115
2540362
2560070
1038053
1402177
3703347
4272478
232140
2073187
3324181
3213465
2521133
821075
143647
149735
409369
3774036
2423644
3646252
2848967
2497421
3198351
2534335
3146850
2247869
4207459
4775913
4275419
3443214
2749662
1151411
3327595
4774559
2659722
4624942
1113599
1804259
3688303
792491
705024
4660707
1995539
1207961
4452052
2961601
4083916
74507
3406454
4909899
1630867
191770
359864
1078448
686051
1808924
3699849
1268349
519044
2558970
3128800
493544
4938949
3344871
744291
2062694
2241576
3790576
1556359
2437032
4076019
1515365
1402377
3541555
3478946
2314932
2377634
3970655
2895364
3096791
1405913
644506
4627905
1228512
1258779
2151901
3269039
2857449
361553
4401065
2764787
3548092
3042120
2769371
4611756
2632905
434193
3417323
3202052
2486655
4114957
4217915
4730862
1005174
4716283
3076737
2323914
4525126
1110197
3336485
1812923
4498354
2581671
2494268
491378
4262915
1272865
1216773
4524909
2410728
526868
337214
119110
1315642
1251187
3402462
3437910
3645136
3335933
1976374
315749
752482
2135924
4941342
3241800
201422
1571914
1681160
628335
4841107
4956290
2184579
1500965
3179413
2671740
4765797
2769460
108815
2030611
4340318
892579
3428928
4200583
904389
433648
4922935
823936
4153548
3155376
236502
4062311
1035944
3516314
4182087
3232048
3226394
4245883
2665272
3647181
1577762
4365684
3789126
4456595
3825957
1410297
4429352
1261212
855031
4909114
3947427
1869073
260471
4106376
4445379
4352711
3957558
4719525
1556090
520804
4079608
2087434
1409207
305444
3480921
1427317
3149734
3225309
3750857
16720
2062562
1831115
4785433
1021743
1187930
4377765
535303
4423338
4004817
4302625
807742
1917028
2688566
2892024
3712720
4917753
194787
3482253
2503623
2883955
422071
920677
4427413
2901909
3489030
3471747
2475520
1162914
3228651
1322727
3720382
2257086
900983
946527
383893
3411900
3167759
2958374
1571902
2740525
3406583
2898137
142415
3268799
3516900
4263101
46053
3016315
3452381
1457991
65008
688769
2885729
1791051
4800219
1606858
3538337
599791
3408103
4352879
1927697
1549859
584470
194698
511274
696330
3001995
4805141
430002
2391304
2484425
13
1428975
3302170
4909049
2076157
3742918
1787865
1053313
3236782
3160757
4624189
2317043
2993762
3866303
703867
564072
2828046
4038209
2495408
2070378
4449830
1631130
427298
1002147
4888192
2282698
2882654
2578552
276034
2771958
587896
622235
4680177
1972095
3224089
3008202
510393
1875080
3688848
2072854
3010479
3783524
1117301
4963320
3231809
4481129
2892548
1495076
1299027
3815260
3145064
4101985
255733
3802399
899714
1074999
4810304
159591
4873818
361377
4292185
4847092
4145026
1921870
4721749
3075030
4331212
1739044
1450968
4948195
2679675
329868
1051295
920126
2458781
2858318
4130550
930768
2389587
1708757
4636461
199012
348461
683953
715905
4439491
2525422
2804252
2660473
4355588
4310729
1153932
4589958
3190638
2620548
3953847
3414781
2215901
1041369
1634590
1422656
2102611
4264290
4529549
2311066
3158766
1395791
379689
4699672
4638135
4382694
796035
2337942
2455159
2632226
454192
959116
785716
2900337
1811932
3436040
1364611
71322
1819911
2253649
4468242
3986807
188456
1526614
2870641
526154
1508283
4739368
4411878
1303524
713611
4168093
191391
986543
3064121
3446399
3654824
3837804
1233382
1043661
1459525
2391051
2727658
4593910
4264711
336568
1321133
3758232
172316
4470421
1036225
3083176
17654
1412601
529954
700931
2293629
3996232
4773331
3930959
970655
4799217
4328300
3882045
2175419
4931621
475589
2856901
283718
360858
2054152
1046622
621444
292401
1912205
2242312
4715835
2801121
2361800
2443941
4753134
1745647
286203
188163
1590346
1227631
3104895
3069122
585074
4237881
2008851
1406592
1207066
971973
3610716
2278397
343609
4169481
332861
131805
4985049
4317516
3740131
4049326
3041643
920275
3210048
1326063
817622
3088997
249334
2321269
2812356
2748423
1118057
2849780
3386823
2180789
2292225
2155997
966117
4366484
4766802
2365644
3481220
4549817
4135090
3705986
3857214
4710767
3888090
4152126
1514693
4213816
4384882
2179798
4957597
4678409
4541359
2115273
1803195
256149
2299432
3307126
753847
910894
3644289
1612926
311720
929303
3009146
3082
1349272
2862200
645745
3967099
4895865
3339640
4701580
2226650
2930757
1718460
2553122
3723266
3309712
299452
2106976
3236205
406118
943601
4751244
13260
427030
2302945
1803906
1720963
4927548
4463849
1288335
4647459
2496443
3780076
1229873
551512
2123653
4835857
4584729
748184
2395155
4015756
4398891
4065123
3175066
4853158
768082
2026846
1135230
4432453
3693201
2206653
2136306
2452418
3036202
4096066
2143869
103892
3246157
867478
4117540
4898123
1793958
346297
1064994
4686277
787612
4270696
202982
4570133
1457042
1272186
73879
4193070
968950
1306787
1220807
4856758
134053
2373865
1975496
1221323
4516594
4026458
3801023
965634
4628069
1911302
590018
2581144
3766369
2843917
3271890
1666738
4466712
1173306
149713
4489306
1385564
4065533
4323532
4276342
4855209
1069509
2769638
722556
387124
1834127
1575782
1389673
4788478
167528
4174947
365985
4694621
2589835
3367069
4154303
2752833
504113
4258039
3147282
893258
1621064
3479253
3157810
3683870
3777848
154139
1410833
2902091
2381549
1604726
4130333
2169110
1780274
886810
4234227
2718681
537897
4730773
2117305
3035661
1134135
3833926
290950
1488714
993491
2790787
3766468
1792647
3712251
4486204
2374446
1500441
2365231
3220916
3895325
3635314
337711
2275749
2796233
899041
4599852
324440
3541083
896067
1582925
1477176
4982099
4205626
1744401
1526293
3047908
206109
804186
2439476
3011981
2967719
3066359
3939380
2217
1748008
719344
4628330
1935470
2039020
2002310
847843
3019274
4330208
1162545
4270867
3106745
3423842
3680557
3981736
3670258
1201578
1849718
574293
4854349
626095
2938643
3756158
116722
2802828
232972
767029
249677
2908994
1112338
776724
2185091
3911174
820720
529781
4776396
4995278
1045252
3315465
3972150
3858000
3552874
2473705
3165625
4028408
1030169
1598954
1221968
4740292
71924
1752844
710692
1855358
4678656
1033052
2026135
3862676
2987113
4014306
803628
1961377
4929339
2760168
652643
2811261
4484124
2216406
1551518
1620233
1660178
1170871
490365
1866804
1892464
49523
651328
1064893
3647909
4252107
3455477
4713231
4011343
989838
3914418
2755611
1820775
3896519
4333067
4593610
3361636
3210343
4160738
55588
2063426
4538084
4897851
4394176
637118
1867725
3300931
892191
1995105
4786995
3783195
4331668
4011165
1528969
1833018
3199956
2501662
2891502
4456254
2182198
2135062
2712525
1167894
232664
947445
3177603
4786225
2241178
868505
2827529
383789
49032
4313450
1864847
2992539
482107
186536
3006042
383206
4737361
1742419
1850580
1026505
4554787
3783764
3568343
4579628
1209337
2167650
2360429
2679488
3633252
258005
2144823
1536651
1602255
4064900
599760
4904671
4215478
954326
4698125
1197584
2644597
505522
3767337
2204139
4428122
838839
949631
2656122
4508535
3967233
1093641
52937
406977
4974320
1957933
2587317
1011804
1710158
1724509
4695410
4788909
4471151
3884542
4774568
4176676
3566495
647409
2826757
3480824
1983195
3151994
2389270
2541804
474563
973999
924694
3095392
3118461
4526376
908109
3693749
3177758
2279167
322362
2833241
1353433
4903126
875029
2943314
1817191
800708
244186
683287
312520
1728800
876242
1116694
3401449
3673572
2386006
155131
3466944
1390581
2406157
847551
351215
587624
1799843
4898
2665430
4024860
4535013
1887192
4635848
2441999
132721
610189
3040604
2530882
2536804
2291005
3184581
2954020
3485663
1949166
3161639
4753574
873938
3510304
1544394
265190
3460550
4410796
533466
4153329
2231927
3729628
4054656
2001923
1142450
4806509
3776614
397113
480528
17570
4949035
3366767
81121
1333774
4103976
2656228
1726130
1083675
1144003
4153230
538326
2415344
4922241
4645608
3904086
3733977
3684059
1840981
3546302
597804
4659737
1596359
1503199
2327992
1061237
4087638
4568091
3949936
4191609
705153
3397791
1807582
3872666
328621
2778083
3688597
1431472
2805062
2907482
1111981
1557050
3275503
3247259
2893084
1936239
4277189
513060
43009
3165242
2527599
606523
2595994
659505
4426813
879070
3909243
398820
3605928
3909698
2630089
1141881
4835705
2102416
1502041
2391346
2074747
3804305
929260
4806999
3475699
1333703
3218811
2944217
3629016
4211794
1248686
4137206
2544514
2196105
2411435
2187130
2254303
2144676
474932
4883173
314306
655197
4273809
916798
4872212
355718
2966688
3622702
3460329
2239484
2832291
2034370
2064239
3930134
644536
3284443
2656983
4810418
2828013
4860743
776632
3066564
3724457
481515
430058
2228747
4630120
4255072
1127216
561952
3342855
4730587
1508997
634220
1418095
2795881
704082
3849105
3455376
951990
2215895
217918
4231298
454926
949732
2573479
749857
2776277
1596139
1674253
1726926
2548713
1569271
3979956
2489934
591650
3347124
2702760
2655368
2876637
29214
4715587
3490472
4349989
3756678
1245105
431834
299939
4562508
3749577
4645890
2551576
2183436
3388796
325451
3240583
311954
2504968
1745175
4913765
1813920
39785
1104252
2800354
4452539
4464276
4460701
2692956
4714697
2836482
4190611
1489471
2487757
2789405
1752284
1632045
1421250
916035
4660006
790348
4008378
718302
1091574
3987204
1577196
1478906
4617945
1994656
2648895
824198
219135
2152158
3372633
3292518
822021
1104817
1010051
376253
1368013
2770231
787518
3535457
4552528
4687701
2780688
1346456
4146739
1426174
3888675
4677620
3121674
4978446
351350
4868412
4521576
4263691
3704710
4272743
3496695
3654652
2609103
1157502
3583947
4110210
4385673
1832416
4951785
30741
3755047
2192126
1058889
4977607
1722499
3193930
3743160
647937
296382
697528
4743313
28879
3203335
4047945
4141386
3447427
4573275
183521
3297571
4358319
1168606
543865
1421837
1056788
4475168
2131951
1091545
191862
1800345
1072355
3567124
3854040
191639
2547261
70822
3315284
3930939
4749264
4806868
4820772
149140
1457053
4787416
902999
2956179
3143227
289757
4388895
4518446
139235
3086020
2014309
1322254
3219006
2422457
4766891
907831
2078703
1080909
3415273
3395868
671370
757440
4448598
3102461
4993433
2439650
4528509
3640877
3994685
3428100
4903010
32133
2413825
3084188
1657892
3434421
1036645
4503772
2640886
3301239
4620379
3805197
2778801
2975357
837323
2795152
1149309
2914782
4996808
4474209
537769
1059152
29187
3920979
3417613
2098322
4036578
4765795
2290578
1723448
4126044
3762937
2006794
3335591
4586153
2612516
2282235
3009072
398034
2528964
4914387
3978227
3072384
2819377
2293393
4338192
208443
84738
1679038
1099761
2771134
4536719
3392533
305311
43078
4303136
471310
1422271
1404237
2529812
2603470
4789297
1553584
550784
3120608
3501702
1581837
3416590
4610881
775655
2340459
1548498
1331377
488109
3881696
4358868
4840803
2247892
353735
3302431
3529786
3148714
3621200
2868874
1502107
1033561
1083025
3767935
3069605
3989221
3568101
2646451
469410
2502781
2952534
2439851
4795833
4632406
1170117
1717909
3064463
446387
2556311
111172
3164931
4796277
51831
234423
3126839
2593642
2682580
4392871
1376246
2552136
1825964
1656011
926374
4553960
2245148
2827836
2302516
1689402
523158
2287488
2804483
1163501
3571723
1602786
3110700
3363191
3128389
302991
1611553
493775
3669782
4270363
1850502
351565
1078205
1745373
4315603
2041303
2424410
962500
485431
3605704
3684236
2185012
4357644
1850125
1842076
4935692
26324
1931267
809588
3943437
2606189
3541412
1791187
4564395
4839834
1954086
3321348
135209
2014904
538650
3865395
15521
4255483
1726645
1114231
2898314
2342312
983853
1310222
230836
1016044
2634273
4715349
4575056
2492598
3094413
4146461
2017069
2239885
445035
2791111
1736305
4363937
4947421
4927850
4304616
4928933
2667279
4045038
3243774
3295588
3991903
1754261
1898805
4177688
568428
3362394
4817674
1421966
2738851
1502970
4268250
3612075
484071
3138088
3794324
1609445
3411000
2387582
1243467
3727225
323308
2172964
3978288
734583
575824
1285721
3605377
170895
3365132
616158
1843163
2462304
1958027
2489791
2969104
107956
2744862
728784
1461017
865831
4006622
778333
1464742
1205344
1251167
4561862
1899369
2442555
4903401
2984254
3072099
3933972
2327155
784937
1994704
433811
4059571
3466787
4629660
4155249
4377302
4184731
3714732
1493719
3354761
135491
911144
4227400
1791130
2712776
1536628
1103689
1582502
3947194
4232522
2100365
2277946
2974611
1544875
272796
4914305
1047222
523039
4109167
1430935
1591295
178115
2429325
2333594
2922418
4791229
3481139
1614729
865524
3821504
566454
1320288
1284464
465870
2697492
3572589
3572596
1699728
987183
292879
559941
3000801
4284579
378380
2927502
731769
1282936
542308
2123716
4713039
685810
4616234
4983740
2305970
1340541
1679187
763873
3829280
173235
916149
2026314
2197833
2518723
854973
4932346
2076270
2126179
2199852
1708517
995154
1318937
2212984
3800601
1405328
1014127
4321059
3016726
3799554
164136
4399804
184105
1647183
4899352
4925091
1292906
4106672
4104502
77488
4812790
2161453
407952
3670115
911908
3065563
3601527
2703533
3588457
1805179
2363285
2217011
326559
1535287
4651364
2119797
708136
2791986
2613993
3584452
587623
3697913
3958147
1655755
1865426
234610
3706076
1753266
4564454
2073323
2899443
774536
2918487
477799
4439411
3674402
459948
211663
435594
3505186
644498
2485990
490975
2012582
4319628
452219
1320854
4189935
3569463
2908280
4567510
3310867
2694051
466490
2176761
3272742
1972190
1578381
1881567
2402923
2590356
3516002
4287587
2116823
2491067
581563
2813829
242645
2395248
3620263
3247613
2181402
3991982
1128242
1080299
3499971
3443489
3071735
1739118
4964123
2630398
3886581
1835014
572033
3318071
993990
3135808
538072
210675
4511846
427471
4874084
3171998
2888379
4666705
3634437
1331236
2488880
3790674
2565306
2570248
2339709
348963
2581001
906784
2580392
2715441
3031897
1682386
2361954
4934955
2537199
6727
4466423
4415406
1830390
1825120
24353
1566079
828321
4182597
2378161
1189253
1921555
1653381
4343326
1898290
3356952
4672191
2776253
2065705
322298
2543435
3618850
3858179
2364045
4134904
4432358
736386
3582302
2933594
4620821
3343611
2021341
4874611
1455785
4177059
1697573
2681060
2400330
2473232
4627315
3643115
1056164
2757105
1343412
4697842
561406
3246121
1405864
3490328
4161531
3699479
541975
2422148
3270142
1685440
3154908
4294821
3182645
1253195
3164904
2878167
1411159
3842768
2252946
4897816
2453341
2928735
2901250
1403969
1566380
1225665
3794853
966566
3252518
2582904
2535303
304484
2782484
4528278
4817203
4052017
1370936
2319880
709522
4947528
2306498
755119
1918658
3474918
1624497
1412602
4502670
2146394
2749495
53242
3738558
3908025
4818262
1725948
2521714
1791795
4320618
4918167
1073093
2916406
4023984
375602
4281287
4079206
2153357
548389
3623458
3739800
3208596
1569940
3129886
835173
4814436
1475702
3622908
99698
2528605
896060
963634
718147
1542533
864326
2864536
838040
897123
1468551
4490055
4370293
1819616
4970683
863397
3621730
2575955
2729894
3817019
1779476
2274804
1733243
3175155
3082760
916721
3799886
540977
351549
2078399
3491502
107667
64665
3531927
4678401
3711971
3555001
4284287
235735
2346027
4894645
4477208
4699618
3316158
1116163
1818156
980772
1237500
3828123
270255
4008508
2105126
3065060
3016102
2082553
2731238
4074795
2770359
16551
2965155
1164111
2955491
2630475
242103
4089553
3301529
2049610
152997
2523517
2991395
3232982
2941709
2005714
3529751
3688261
4064941
1404231
2182703
823523
2209182
1391095
4927926
3488219
401751
1531265
576963
3304319
280815
4740671
4914085
1078332
829473
2421284
503712
4150928
1310618
1349616
3942396
1856792
3590698
4526655
3375763
3316777
1390912
2483086
4150450
4741751
3613309
4235161
635734
2007833
245472
3013719
1355624
3719403
3043565
993310
3803678
244447
3625992
4919710
3469233
142565
4315949
88962
4856336
2221048
1656583
4324373
4657237
4024468
4156607
914408
4307194
885795
4636686
4961034
813530
3791218
3109615
1693212
753776
4280901
4033132
2239706
3124707
186141
1501606
2994779
1759303
2550069
2706030
3336591
2860983
1358193
3987574
3538416
2356386
629096
4570327
4938982
1644296
2312185
991568
3121606
3495401
3063149
266910
1580902
2804690
3197452
1727311
3648410
4225421
3480378
1505467
3707498
602951
2171907
4679600
591129
2525722
2582492
3182226
901503
429299
4820030
2630169
3384354
917990
4770091
3435592
1911799
4262164
3315487
646133
4575647
4407127
4737132
3219340
4411693
1969683
4827906
1649774
3726817
4357317
1621542
3093950
3630293
239697
4903706
457980
3370348
3269836
4581656
1262219
267383
2263712
2758270
3369187
573152
1659238
4887139
3113283
4385503
2440713
1731600
1769029
3850875
4489629
859804
3741464
3144952
1673191
4385772
4293945
1525075
808677
3277110
1250029
1543460
103094
2931682
3487773
3734592
1560720
89254
4783313
1635442
307815
1981104
4037120
1709735
1784623
528052
2591947
1794340
323880
1871016
1038183
4053021
4580589
4968437
1592308
4002864
2016815
1971745
2810156
1067246
598253
3156891
1221903
3305589
1648897
4756501
4247399
4413374
2935352
4595578
542186
4813060
691043
2585183
2783225
667195
3701148
1275231
3875679
4973372
1190509
408702
312114
3484909
4610201
3995444
1494558
4950046
1310075
3903707
798943
517844
361840
4969029
3058023
327837
2769945
3731291
4343343
2250091
4699511
480149
2860957
2515203
3329341
2886360
4915222
1389737
398137
3742260
2127446
3538434
3609852
394105
66250
2526976
538939
4297319
4840842
2095304
3793015
799525
2314415
3139530
4851740
1528761
4875444
77082
2057458
173833
3044822
3213318
1011205
1148376
3437603
4918967
2779712
625859
1039239
2016318
2071472
4778204
2054729
4490572
3839417
1514354
4063162
1806984
2534568
3947100
2647145
2387344
3602846
1882085
3096423
4513882
1684357
1098210
2388123
2816588
4352812
4763092
84237
3680088
4170347
1471112
2408387
479830
316719
410421
1393769
190648
4005625
962948
559545
2103440
4495651
1603649
281971
1588933
4429880
1273445
4752309
2543564
4991623
572001
3042761
1002991
2340466
4995345
4655883
4595996
2524182
3176673
4715698
2962215
2208264
4437483
687856
2969735
2289844
2415976
1476884
4656433
698386
4316143
620280
4018765
4450218
4393553
3073920
2420290
4399243
4650324
285990
4225202
3806650
1281723
4959295
4445696
4416339
1450241
1117236
1503375
487590
1956642
1008915
2070393
2675479
4070736
3533171
4799377
4716536
2327290
3899098
3103635
1218574
4299272
1441100
3637302
4992399
3534962
1600097
2035781
1896610
3543749
4351388
484617
196343
2516444
4541668
3144414
133021
703339
4841938
147283
2500438
667982
4384519
3751604
2723036
4595377
393412
1569422
4122408
2537927
1494739
1235015
866000
1022358
4848061
3712385
2234576
2838980
4503475
3508535
845647
790335
1005271
3413767
2586521
1171068
1605626
4047664
1069662
1348346
2061402
4400948
3697289
255509
4432837
3752392
409896
851072
971306
2869214
4642359
4590420
1683193
3127557
4014597
4723840
2917792
1242087
770747
2803442
828630
4640694
4076223
1145608
2434083
3111525
2902363
3115468
2575589
1245978
4183444
2962206
2923988
3412432
1859240
2704090
3943784
3349380
2265124
4954162
2562324
4333590
1356442
2886036
2079907
2797105
3265232
1513391
1870263
3573189
3580165
3361909
2185238
3628266
4024957
1074207
4429298
2838719
3033211
6405
4217665
653202
4054371
4923986
3515108
821000
458876
1901605
4212498
3122738
2107274
4222636
3629802
966922
4892867
4609781
2353207
2049764
4793961
332568
2226490
770892
3192102
2897624
1191235
940502
4656666
4784475
3089173
461776
2556204
2370489
3639103
980544
1378700
1545338
4125624
269762
2928665
787843
1591164
2977267
1099259
337546
3633231
1665116
2270837
954161
2340300
4564260
6970
1188492
182582
4237129
4083454
3494533
1129087
2487108
4660364
1525497
2755001
1125953
2705214
3914137
4492597
957646
2727065
3405533
3775100
2143977
3207588
4721061
274712
3422198
4065931
4741795
4108098
55499
3990582
4535778
1402756
1229370
3393914
4635022
256966
1592339
1350103
2454184
1872866
4006974
1890673
4116748
239002
1191978
1586401
2102765
4498534
2779800
1541963
4958394
958483
1563407
2513922
1135973
1359163
3093409
2064330
335897
1005245
1526926
2387765
3120509
4038221
1725807
1663799
2497391
4183185
2767164
595769
52944
2067082
1726454
4050220
3754552
264026
3413828
658035
4974219
4152846
1824949
398313
3392838
682522
2624649
2382459
401757
3141218
2523386
1181380
4360582
3246475
1552525
1214280
4540978
1745054
2372710
4122782
4844099
1059501
2389986
4094560
3545844
2540633
4244836
639339
1030522
2170095
3366355
2432192
4217715
1727934
2623359
4485293
3721078
2719813
3891088
3941523
2972477
2652209
4172893
2613175
2593472
2575652
236144
1495732
2922560
1124237
206394
4296586
3226705
3719265
3404384
3220900
2429583
984697
704569
1120793
3241647
2874100
2132151
4466720
4495327
4495762
1052713
1382015
145226
1137153
149617
3454975
2766885
3473416
3706651
3966988
4731209
4628344
3118923
3622607
1100588
3244681
3319514
2807294
144295
1392181
1927510
2066726
4951786
2875900
160504
4388128
2918758
1061612
229190
4571850
4002404
1226813
2818773
2035280
3649044
51174
383125
4084134
1799238
4768165
2501835
1837246
1085428
1265488
3237062
689160
4339530
4252524
2451590
1490892
4778375
3590909
3379855
2383055
869780
3645741
2262808
4437510
2619616
2657414
2789713
2278582
1303705
913216
3153012
3025603
857757
651315
2031065
3950976
1070107
1595863
1441619
606412
475492
4142051
4427080
3092716
273034
2241326
3820961
3794025
4974505
244928
4840526
4718609
453613
2107350
4135728
2305469
971128
2514838
992272
1563293
3392256
2761227
2781523
59405
4134637
4456885
1476786
392851
2690326
1442235
932747
2507295
4399546
4553509
887069
4380354
86635
340984
3216577
1378452
459911
3104161
3679729
837862
4750117
128938
3536037
4258256
4954980
2379020
4744527
4816441
16886
2424201
136559
2727855
2946317
2857132
790408
503337
3270536
2031452
2172706
3954806
2464385
4495711
2965638
3347791
982541
1094723
1325987
2009722
2321160
3368872
2413388
2363348
2098067
3547846
3238202
1241657
3454983
88466
1614610
3065123
4253322
4488963
4814588
502327
1438817
2844540
716545
2919772
3556671
366705
4686599
3094348
4021614
4008117
4232414
2364758
4866864
2067451
336653
3678891
3746666
593993
4830255
705082
871380
4353255
1701908
4549034
2032597
24738
2002884
2432066
4328478
1213392
2296636
4982929
2322860
4055836
4923916
852306
4307144
3028296
94938
3609427
1113500
4747917
4789379
1992472
3300509
2703104
1755748
4975999
1984818
2814379
3359263
3191213
3499260
4110695
4965294
2781498
3985877
4824690
586463
1870117
1683118
2502785
4897761
3413575
1952301
2037528
507839
1363876
3442227
2724806
2132041
4802283
2611361
4817347
805219
1814816
3686135
2431845
516877
1723604
1585530
2954492
2681815
502211
1720474
3625525
4787414
16823
2629827
3330994
3980669
2123562
298169
2155167
3989282
3411692
1686455
2747294
4705301
907393
4397286
1089022
2936114
2901345
4648025
4845865
333316
2540080
1724756
39423
292023
4845232
3869477
1454182
4604040
305670
3101161
3863063
3058384
265724
4827030
4790141
4697672
947019
2263989
344070
3459553
3984177
494787
3331126
2924353
2098284
796990
2727439
558040
3612734
2280069
319092
373277
4335537
110477
4266694
105298
4494004
2662166
175590
4179188
2177830
3773729
3142747
2435499
3146564
801034
4317410
1300221
4575660
4609119
2347513
4412460
2781511
3795432
4141212
2952803
1758520
2298498
514003
2742347
951438
2395944
153213
165919
1441070
3466646
687461
2148584
433141
1263084
2526569
2070861
3756629
2469482
534845
3259348
829955
150912
4595971
4844317
454935
2363276
3546009
1157099
4576881
3582007
2003490
475992
193696
1759136
2138381
1955122
2293010
2887467
1529853
755461
2992445
4554875
4785036
883959
3648584
685119
4867847
3166176
3145606
761170
550685
1687217
1226213
4157708
3825709
1560971
1189133
2880624
644586
3388597
1047799
4749746
4721465
808077
1718367
3600575
2915404
1654130
4693598
3059850
977438
789244
125660
1718828
1358184
3366083
4240038
4113129
4148293
1450457
2572068
4572091
4055670
4105686
2427037
4326189
4935575
1782535
4784371
1408183
4160510
4669491
1749024
2722255
1859347
1888394
1453558
3444716
4810270
3812764
2450323
303321
1686937
3580481
4323622
2573860
94787
842407
549421
2663879
1799680
1133014
3301010
1951062
459473
2774576
3387521
2161944
1034558
129034
1105676
2920226
2177716
2139828
1384121
2279624
1747267
3529304
3346293
4001663
1762700
2696192
911951
3003173
2109575
410076
2016970
3954781
2445002
1579786
4506112
2321882
3869038
3994226
1782963
2059519
1106662
2716301
868272
217293
2113297
1926786
4593595
168960
300151
2471036
3294226
2685237
4753997
2896908
4452408
2210484
1213472
4880693
1546360
4703012
770413
80705
408887
3124781
4736359
4959949
3299730
2202166
2423214
3030402
2070094
444721
3981799
4882627
2624847
4381903
3004793
909137
3247460
3024733
2909804
4081620
4209282
4015670
2802795
1264756
482572
2603616
1911352
543685
3258029
4530277
2350826
4724994
4582981
198434
2530260
1810226
2213937
4006535
3180744
2291267
4462900
541964
4617691
550632
1842829
2432444
2577903
3126172
3826859
4033321
645923
610531
265497
4786527
130961
2006821
2559302
1955742
2964506
962253
4938253
3847232
29075
1864486
856983
1860020
1225576
993747
3779216
2767102
4405382
3029979
432367
1434102
3267897
1952991
2835101
3800534
4201176
2136530
3342176
253739
4135579
600982
4224374
784756
317168
4836065
277221
168258
4124656
2313915
4294099
4173047
4040927
2707322
1353835
1301068
2931643
2241206
3137149
3802595
2058382
1044306
3755636
1869974
3328260
4206899
2964074
636078
2450103
441751
1753725
1304443
3995924
3492159
4011687
176405
4540680
1298927
965897
2391128
2359240
688843
2907064
1354140
1528070
1705202
4869883
4411857
4564988
248030
4664979
971291
1170025
314605
2948526
509275
1018980
3447381
845772
76271
1041707
2151944
960254
3711034
2046752
1816629
2439073
4868430
1105206
1519384
229457
2420232
4619060
3354121
2531044
966357
2598939
2370628
3954267
2238416
2226113
4997968
4863599
1127526
3498594
2858510
4899707
2431655
1297844
1214944
782389
2806881
2059511
1934456
452
1459053
3806048
4666363
3215069
3106058
1193188
2191801
3727659
2321156
1910803
1301665
2682883
4988142
2668381
4314643
3263444
4665939
1791988
3365503
1469468
4860151
1410594
4855323
4797985
1911059
39668
133550
3447861
2835219
1398554
183263
1538853
2828341
2230330
2399215
3199811
3314272
895241
825580
209171
3320342
4580708
3005814
4432977
4720371
1036862
1571393
4141244
378765
790863
1934960
3838513
3471678
3035770
4016251
2273879
1410239
2452286
785360
2831739
3538110
472323
4446652
4575624
3450391
2694313
2604866
901478
4217497
4465652
1231705
791263
2931905
3870732
4444929
489259
4941379
718836
2134041
491053
3043440
1498399
1105127
4569282
2192060
3640298
3200360
3813354
1842300
2757241
4871038
4422008
4948837
4155986
2124611
3422484
642801
4221196
2316149
1228931
1189519
3854071
279168
4490868
3345178
4709075
396977
1481190
4324121
4510543
3776321
833302
3765275
318524
412606
2381754
4675071
3284754
272527
1415839
4082092
105626
4612043
4654036
2303334
17229
4376660
2913254
3968755
1988474
1473764
1492815
3837602
4453036
873040
19072
1060928
4765119
1932472
3560646
2110885
2345536
1101214
1682203
4780737
3369750
124284
1237994
3713690
709241
4238290
2500246
1726504
756022
3393259
1583431
821832
3735015
1325108
4881171
2077410
1033928
2635213
3656940
4879347
2131334
1207299
3792398
2771666
4741607
221669
2180584
1011848
4842834
3846815
2129408
4404246
3364486
4073021
726429
3218052
3468924
2611263
1060334
96580
1491632
2659746
1835175
1748681
831770
3466856
884890
749899
1262341
1931244
2833644
231849
1486705
256919
4230946
2492561
4926664
1531946
2183866
1382770
3158908
1445479
4680490
3224922
2710115
3754607
2674553
1445719
4337556
9203
76457
1498267
4303410
77479
3792420
4656134
4610255
4361419
1158440
2233538
3674730
1291942
2042073
364053
377135
4513972
2292036
4953389
2989198
3522363
4100509
1638345
50548
3824321
2363005
1544628
2870767
3642635
4041126
485900
3946753
3050154
167015
1741114
2305291
3921440
2028740
968539
375470
4572592
4850207
822574
2853353
1894902
3210507
2905329
672587
995450
3235952
227724
3023921
2752053
1724848
4913048
2218832
3465921
2060977
3092684
4976988
2794654
1036720
1966888
4666064
1450156
4499342
2885081
1900767
3737629
3004007
3756211
865160
1828270
1484487
4656946
696471
3883834
4414023
1491356
279350
1465817
4671982
4611036
857478
3466561
914172
1978906
3878247
3706366
4113701
4949420
1692800
2682081
4485090
4059458
757337
409276
4951359
2248563
1220170
2225138
1992257
3782882
2975104
2466473
3681187
3817576
1400015
2329817
3397833
877960
1410889
2953195
843930
2770333
591258
2616264
4659817
410520
1589974
3303077
3168798
3766339
317344
1277138
1473482
4687679
4754204
4205336
4506024
2681590
4782633
3402974
1285534
1787631
702110
4106296
1124630
4628547
2709152
4440523
2300877
3276089
98288
4467349
3146840
1105672
2393192
1132320
4406326
4994353
338029
2228099
253687
3191410
2144179
3393385
3210983
1008556
126343
1095680
923471
4055175
4426090
1995418
4617638
2029679
4345247
4593330
787543
240833
3379468
3029907
3682146
969446
1951353
22701
1920826
2405945
1560955
1450124
2607858
4407799
859030
3733562
1147306
2575876
3085650
2263473
4154861
141026
139586
4396381
1632441
1041792
1475958
4092280
2863626
2075042
981900
2160903
3395321
2442965
1930141
1213515
2755203
161216
4188888
2851633
4484663
1717933
3805130
1288082
1535639
4119900
3224960
2649597
959148
1920136
514542
2389055
2406187
1145463
3023625
4886382
4904881
2099644
167423
4044869
965587
3837314
1136309
1873109
1152418
4742982
1625261
3392769
895342
1075054
3898994
916047
4410368
3489436
1803129
3664549
3358022
566927
1667157
4942850
4975536
3071558
1385484
3616486
1305499
3251097
3349874
4398982
2250408
4751708
2317157
2612183
1136275
872792
1761949
3305314
1704997
1686180
1703468
2447522
391139
4310379
2549226
3647020
2060667
4940188
2999522
3176800
1437703
1548234
663859
3528388
763104
2159008
1600388
1476645
2333681
329982
4678371
710584
2076687
2087610
3256486
1357474
2286316
1909317
439751
4466124
3368824
4420374
4871278
3211110
442726
3451626
1759311
4934001
1365053
716526
3644350
3525092
2909338
2924867
2250480
311548
1495117
3308875
1603650
3780479
4224508
1626773
3451102
3634163
4598130
518791
3985866
3312335
721875
652460
819728
1993709
1586711
2527429
1032960
2171454
4412623
3896400
324689
2374508
2863443
3747496
4101729
1286941
2475552
1499210
4625197
4505073
573289
3573071
3254598
3442030
3352878
3739393
4119075
2416165
2997179
3786400
4620674
4858242
2066303
1803039
4338485
2568039
1661621
2081785
2276078
3445877
3336802
2993334
2466196
2759988
2974688
2408391
401203
944815
2490588
4205681
1958819
2187158
2440147
4132311
2930613
2572215
340317
3838459
564911
4333829
817278
3235220
4041242
3890117
4472621
3376998
3178342
604325
2720444
4985138
4110547
977161
656999
1360801
2362668
3820604
4538315
3881477
2010385
1150752
4256708
3517373
479327
2092128
4704335
2753669
893532
2820341
2952109
4153246
3701194
4576637
638381
4298704
834589
4205197
3047236
215746
4443044
2174472
2928785
4530431
2956614
2009029
3232165
519468
4909493
2226436
3599776
3802389
917349
2261142
606203
4095001
797802
2680888
1467724
2460105
1895375
1950659
211537
2699010
405604
2349957
3967279
4282169
448927
1164064
532855
3794147
652005
204451
969355
2224240
4861270
1793937
3596875
1713954
2738296
2820401
2426172
2137106
1899511
109027
4682558
738767
1494753
438744
2923997
1503507
2044021
1690329
2781675
240161
3631447
3255771
2416376
1352990
3633908
3573193
4257348
3258173
1402323
881994
3758077
857168
515443
4550690
3448785
1048641
4474954
4110941
3806655
320535
4090337
1019988
47898
2508886
3947224
4431048
1197860
4548040
1905544
1807630
4583303
3539483
3813208
2903864
83824
4803642
1103918
1848163
4329858
2707352
1362612
1353209
414390
3824230
1453994
684393
3405329
811605
4273680
32976
1575986
4634354
3771385
3101348
1957445
3180742
3404622
2121256
2455435
119301
872545
454171
687132
4818736
1508968
1782922
2228992
1568704
4463205
2415062
3060913
4741845
4447697
3652219
2476021
706389
2576483
232931
4005418
2090180
2570122
2913602
2396750
853217
3411687
3750386
4947085
2882496
1312709
1404137
232712
4291908
2767754
745106
1411071
2500089
1284095
1383589
179553
3973448
3382498
3345780
654660
256817
4287070
4869948
378983
4067500
850963
2603055
2966075
3628168
3094496
2734691
3792712
110665
1976991
3445209
1635654
1022340
3907946
3930001
37669
661993
2709251
3604273
2733639
3168595
1857983
1555173
2477453
3752839
4006785
1269270
2155626
4463537
928236
3603473
1165573
2563707
319391
2510376
3663819
1913713
1149697
2622757
3433656
1046202
1475946
754086
2793838
454173
2034040
4655144
195379
1500485
219797
1847549
2885956
4807113
2497062
4130321
2297421
2296600
3654454
4516777
641937
4204664
3778230
2617088
2465052
223029
3324914
2203178
4908348
2549973
3126045
589389
4659166
3187935
4753237
3618274
3650120
2884337
2223856
2643980
3937511
247089
3586579
524203
247429
1282059
652341
2799947
1100187
2172767
1709218
2524820
1638689
1477423
828287
2788263
2705008
2045057
3001641
4919240
1933659
2839887
2258129
2520515
3276653
1578116
4539938
1875875
1463031
545926
4029813
3126529
2759836
169698
470815
3487248
2467286
3056078
849251
4209443
3537086
4876170
1821558
1474015
3839109
3225318
4087608
3279459
2583933
814988
2001376
4600654
3647709
651280
657360
1431251
574838
2668596
3752339
1037459
4333105
4103570
3607952
806208
995325
4327216
4766074
1252706
1837277
4169018
4839697
361862
3608881
4842533
313987
1204824
1018037
2380675
1309632
2974057
2793300
167070
2494247
1854167
1131960
4509596
2556640
2950600
2615853
1441545
2035057
2302149
1264570
1838033
3531636
4412272
1679751
1771196
4719407
75779
1922865
484115
2986831
2195974
2075509
4703610
854894
3352517
229379
160681
3920306
3152878
2983881
3916374
2386120
1163016
2399925
4967620
3850647
2058473
772566
4807087
3568610
3842322
3471984
34554
3886643
2515480
3639595
4973393
2277099
2281944
435167
4127262
1897248
4486957
113475
1800149
391098
754220
1245703
4593798
1244143
1424795
1985343
1628327
2818179
4346530
3393223
2185236
2849630
1096572
3498896
1226294
1103995
3324035
1952902
4664409
4596696
565197
4826292
3540124
3702885
2868564
3353327
4259734
3334152
1950030
4212456
936996
1309681
3094232
2246927
327677
944877
1916110
4281189
433556
1891248
283888
230157
4796002
2290534
3993575
4367650
1598072
1274223
1676056
1304185
4299561
3996087
4203858
1930658
4142834
1435880
2323527
313223
4021576
4336097
1606778
2356199
3391789
4871990
3807316
1755033
4646950
736312
1687356
2727340
3101910
4663589
854752
2712778
9902
2621414
1773628
1361302
1395819
1133279
3127913
4773722
4275449
3666992
3840538
1210849
1736899
2206304
734055
1219046
3774129
3631689
1408869
1398992
2176341
876800
3230121
1827008
4786102
1330596
3425732
2506627
2366858
4373626
3171611
4069848
4957245
1497025
4283460
2385617
4047544
954760
1464039
586722
2104297
4506042
424494
595495
1981103
1386797
3099141
4129171
573017
4250596
107420
748982
3547775
3584859
2990416
2490170
1453442
656468
4362772
1373406
1498383
4935880
3030046
1972104
4300433
4564783
3204421
2066278
577324
3282994
2573783
4489356
4135630
4071850
2518684
3020803
4951800
3612580
936670
4380275
3893588
2455190
3361254
2255804
4755942
3894894
1663384
2429273
3629207
4285711
1476361
1107910
1117779
4665513
4623751
764570
4084458
2469398
1271356
4776604
469568
3228861
3200477
3594900
3489632
152107
4608619
1037748
85378
4629196
113101
4958401
2624772
2842528
1119382
1387180
3071506
2770893
1677278
930841
4596085
2176197
2899174
236956
2269433
1274100
1512332
4975706
1834230
4116960
2793550
3922349
3826979
17907
981443
1409912
4192626
587815
1652107
2648372
2368017
4419382
4923804
3128966
3270359
4759113
1227048
4619772
1019795
899674
2450443
1065569
4245835
1585663
607931
3007413
751335
3099921
3819815
4077645
2911941
1209721
374908
2470267
4743738
4788382
721188
4176144
1628133
4361248
4882397
3398247
4793631
1550931
3445262
3309268
4445232
4943263
4299448
3106501
2915153
4628971
4795496
4129999
2608132
1303060
4353645
4601419
2670485
1588503
1708641
3477584
3114750
3985408
2921575
4727753
936864
4640709
1904263
3425053
4166164
3934207
3868859
4725858
2051413
3787873
4099965
1202688
2603584
1403021
4844184
2571681
2598692
3138356
1574715
340010
4631776
2093153
1855977
2618023
1281467
42865
88188
1758738
2535452
3262463
4874620
4385874
4627463
2932383
2490930
4776938
1108639
3804208
4820203
3561970
473744
4956267
3523441
4165497
3997467
3569521
3616545
4484363
2461766
1846807
4588925
752585
1248393
3401001
206939
4770557
48309
3591980
4568888
4205981
662022
3679831
1715605
3793266
4687544
823780
3917207
3033749
1827612
348583
142973
3159124
4227690
3053853
617206
2843345
2933560
3679517
1246686
3459921
3697848
2110674
2738771
472236
1639914
1304521
3569202
2883805
1962720
435858
3692522
2541878
2720435
3236505
1696925
4484125
11644
83560
2389905
3462335
1204414
2899706
4236993
201327
2784259
4600892
1906930
4024928
1218333
4426128
3112995
903610
2811709
2123889
1408576
3081966
1793205
2726369
2104588
3087183
126541
4324674
2371368
919833
2293083
4040465
3842072
3973982
4150777
2130601
1394528
4376929
1277398
1075161
576388
3144198
4573678
270171
3134768
4802109
3913592
2849701
445516
4938234
4375887
4101137
3136327
1330486
4280380
875121
2155515
2302460
4556614
3310337
1618866
3192874
163080
4341598
2187516
3781133
1210598
3335709
484779
954707
4164036
3359407
4973615
1803761
1974992
1721937
2071764
2916019
1299351
465672
2707663
1551482
53518
2707463
4488964
4075869
4308624
1961050
2671689
962246
278966
4701925
4499832
1402299
4409177
1783771
1274611
3709325
2963891
1563790
290291
278097
1231274
1925650
182429
3215436
2482174
4738225
2630787
3393302
2102375
4671365
1207120
2001128
3830916
4708117
4236435
4469874
2001493
3147741
2891244
1966801
1623640
1332592
3351616
539412
1778524
2927656
2896587
2385532
2247447
3977018
3808470
2671026
3495979
3723462
1664082
3708411
1162745
3568733
184302
1428206
2977933
1387177
3967051
1476373
3555366
4921736
2736738
4394295
940697
1745263
1272350
920413
2819489
4022113
3234194
4526223
268498
4012661
4081312
4037918
2599591
1083369
3918273
4248679
3300463
2799601
4670297
2268738
4352262
1539911
3163080
1503969
4228808
3936966
1844248
4003641
3670070
3369629
2578027
157193
2959668
687688
681659
2586724
4796307
329611
1651761
3497650
2988507
2992168
1355946
1533812
4128511
2025558
2157466
746865
2229200
3881088
2532702
127193
4605061
2930407
886463
2765531
1803330
3202265
894368
3607392
4237564
3707331
499689
4416629
4177985
205313
4804025
3618473
3275289
4517529
4515292
2267401
3263186
2767851
1213308
652413
669560
1142031
3744390
2555138
270007
2210017
1222986
1596067
1879176
1061254
2654071
647106
496237
3996954
989328
1704028
1199507
2900447
522595
4392570
2306715
810818
853392
1521365
3070483
3813950
3348315
110546
984913
736904
1872714
620153
3135202
754223
3854998
1065191
1224199
4610034
163865
1181461
993391
2675036
3080168
4747335
3438088
2736600
694991
782873
2870126
2138614
3357902
1284902
163933
2480322
3473901
4879412
3673156
875386
3748352
1737911
213954
4537317
1269862
898887
4181653
216886
151189
1213298
4381099
1827718
4272635
1911071
317691
3531554
3677060
2969221
2831503
1295436
3373190
4283623
2707973
4019865
2057147
967977
481900
121339
4936776
4818687
1072136
2530658
107038
4570007
3031965
4082341
1295427
4213518
4082100
1221760
1542583
299893
2431450
2103657
2287630
4939256
1720646
276169
703258
1867148
1914516
2179344
4568169
2789365
3324319
968082
3905581
930680
1941150
265739
1572864
2731579
820694
4767942
1561413
2222250
4642134
4813046
3295046
841679
2852026
4337649
3229360
3049856
623039
1004395
1296936
387972
1771832
3549155
4229727
3304284
3200835
4896502
615904
1392098
1737324
4895394
3577923
3466623
1468799
4031933
1441992
4236960
2355870
3969946
4216232
4258522
4730325
2217518
4803131
4121333
3634785
1816698
2958805
2930964
2181441
2500984
2566060
4436114
4176457
2342610
3511368
2303430
2941847
3611303
3500487
3389467
885930
3148034
2528199
107883
2767547
1332248
3274523
4421997
4580178
4395009
4603096
2203402
58134
2602388
2549540
2270844
2345469
1629736
3559633
4712371
4985431
1300117
3581851
2683053
3486073
4616530
3529879
1190871
1867106
1024167
1995010
163749
2378485
655098
4652267
2315243
1105823
1311644
1640672
4283944
2674733
1916812
4381378
1773286
3314819
105621
1685843
1386432
3551159
2776885
1714383
3287249
4465306
1421361
1361739
4714447
23512
4153379
2866186
4960983
2162045
3527669
4015926
2352630
517654
3365726
3180654
3422815
4368194
4066291
3397354
3473769
1166071
4003999
1317734
1397456
3230183
4963187
1296214
4745867
2595088
1824265
2988984
3719222
2780185
1026789
2013617
4976113
1104643
3675077
2771094
2910112
687705
2584635
246473
2256482
2539009
2924145
3820952
1811621
342196
3597115
350487
4240432
3261468
967001
1482725
1955299
917183
3033046
1126534
3334241
3990726
719121
3091712
2574026
4216881
3498392
1533089
4847796
3468859
4189058
2505438
1500728
3456372
2378264
3991800
2489192
142358
2578532
4171744
368404
244529
1998457
3199010
1685716
1405458
3426710
2725455
2785648
2478839
1544782
4581635
2622463
1057877
810627
414458
472658
1884285
4766068
2865800
999311
1974925
625316
929919
3507795
1372117
3702444
2321923
889154
2230257
4366195
4363400
2151308
3531942
4934749
1708441
199831
4112810
1063941
4370507
3926672
2861619
1137714
2977522
605516
1790960
3176185
4797997
904410
596303
1897756
4203569
4977612
4557530
3659960
4332960
3370725
2201560
4096561
3415832
1674528
3930976
2537335
3955547
2349901
3924977
3328329
1150348
1196132
4034990
2602275
3203125
4636595
952618
4106320
1015563
2077642
1011039
150871
2564328
299038
1049911
2913961
3563499
4059246
3415886
2862949
536590
3837033
3795387
4250286
190846
2858758
1851185
3212958
92699
1458746
1712277
1316999
4967710
2085923
2278778
2034806
651579
3124118
939203
3937991
3547008
4175869
3736453
3131536
2777939
4327373
252911
2870362
4555857
3342917
2455830
1032280
4199278
3833054
3574824
635372
171802
4890292
585118
323998
1893511
4723286
2275923
465104
3722297
1487288
3978281
1122200
1269230
2555796
4906105
1061030
3549678
3156812
4823535
1622723
4779611
484591
3167677
1194026
3480336
4083409
999080
4817214
3450773
2587365
4249414
4386201
1604694
583471
467843
2777097
1118198
2826293
891545
204140
262891
705665
125553
3116813
2447780
3315667
1692315
4868761
1378848
2413610
4850128
3541031
1965304
1870904
639007
259778
2598400
3309405
3718139
1574756
2678602
5718
815204
1476062
830719
1247725
1596894
2878416
4046694
3820591
3761638
4550386
1161584
1434115
625005
2752692
366404
1494963
1989614
1990795
263322
1785800
2245304
1748280
1796878
2294051
3553284
211722
4709840
4639620
1837081
2477432
1652029
3305177
3748480
4071276
894230
4122762
4083478
1005064
4647808
1331638
314694
56278
4394892
4753675
3628437
2483314
2209015
3652301
4695799
803832
3037431
3074889
1675524
1869176
2088578
2554658
3261115
51828
3953190
404974
582222
1876786
846326
4880209
3517419
3198387
1420972
1021478
4562764
1531224
3960302
3981282
1733238
3071
3276840
1326001
1103853
4964210
4631867
2803222
4520866
2194638
144495
1821674
3681332
1321884
3525014
3019571
3233305
4963723
2858217
4968955
2862754
2917834
3022150
1437658
1285879
2615487
4734888
3230714
3946187
4998785
759889
1086865
760038
4870158
1625285
2875424
656193
1788279
3470581
683897
836689
1590029
3875341
359071
555410
4624025
3436908
2434194
1980416
4895648
649205
4343368
4235896
4384042
1072842
4364141
907954
3971460
3221341
2682302
1441324
1540042
3438633
4589140
2715726
4030483
214561
4901532
3588544
3472855
4694592
1239675
2775398
2209350
3866400
2068776
3477306
4941433
827363
2990920
2220057
4384771
2806710
2021930
4099050
3833551
2110155
1360779
2139013
3194973
2945639
4351390
4801962
552098
3175489
2253760
2811713
3710087
4435249
665105
4239130
689937
1638319
393419
592179
4587722
3834971
1934677
904145
1880890
2644636
1630429
1285657
3643274
1874075
1071947
3126372
1932056
2797952
4307604
129396
3120185
3525884
4924626
1841441
1611478
3321864
2097510
4674251
1181182
3245966
1380264
552780
1754560
3445175
2022603
3256495
2344060
4577438
3315034
3198153
545118
1306586
2622873
2798671
874001
4509562
2486926
1964830
3082402
936443
3406876
1135927
2396091
4246878
2690183
3191995
1665744
56867
3085949
147048
231536
4326950
2717692
875272
1371085
4781644
235230
2314508
4190513
3214288
973004
3509267
1816826
3478633
1360194
4573651
867363
4791399
4777261
1198838
2270144
3307737
2536020
4513930
625557
1438162
3705802
1305233
3439664
4279973
2062101
315225
2856853
545492
2492959
2061900
600366
1813672
2849730
1987193
2211940
3673992
365046
4911958
3929593
87995
4439440
2800209
4816679
3774382
4818758
2527799
3193603
4754253
896159
939994
4741180
2073124
4206417
727806
108603
4775503
1948809
2811307
2219135
2596036
4657604
3775496
3099086
4400430
1158588
522378
1364475
3450585
3169442
3792700
245655
2610536
966036
2435658
1406764
295625
4941297
1218329
2601458
3524853
873678
1879983
1674434
3653799
4263504
4585619
1230108
2592315
1174849
346860
1853545
2969016
4510095
4060814
2617503
4568426
927960
2791495
260589
1581679
4066580
4472490
3306554
590248
113654
3889772
4132790
3030857
1277175
4803597
920284
2847700
2171978
333904
2220936
321125
2684224
2373003
4914576
1702850
4365936
504926
1118846
1105386
168516
1176104
1722295
1216404
4641912
4154620
3171321
2907340
3783727
106427
141094
407113
4944839
931730
4891817
3798775
3356824
3027964
4104460
3780852
2187561
2796609
1195068
227212
3167940
3932358
1243362
910852
4290429
1774783
1898080
4841605
282823
1646768
1789544
1080329
13779
564047
3301081
3545411
3355052
4796085
3802257
314236
2478361
4849469
3798887
2121098
4949160
4034429
1758636
4292633
2633147
2496557
3819980
4149473
1722924
4733395
1943311
1982387
41057
857460
1562618
3084809
3017052
4604536
4230701
946080
4724420
4889038
2302799
2650637
4671741
1999576
1174889
1700482
4988341
4877481
275511
1021810
1163942
1832221
1480562
4604527
2412836
3870217
3370162
369650
324307
2370472
1312976
4062016
1467249
1182630
2166611
4736594
1257946
2348619
2994129
1108577
2437577
4559323
1044447
400179
2261060
4141918
2013492
1626334
2583552
4851417
374387
4083477
1786885
4968865
4485778
3766431
1754236
3289922
58035
768736
1803827
4324228
3392986
4314354
4882069
2719802
907778
3892479
4092249
2167616
3274424
88505
36963
388936
1621147
2233737
1312379
3517855
4246433
1584724
2005353
1127830
360961
3763972
884424
1491028
2464719
2501949
2581494
1035660
1180107
3219143
1030997
1978585
386276
4824845
4983483
3004227
1824141
1253573
4525472
4413800
1525990
587967
1136946
1681551
631069
4356319
1965450
4401768
529103
2537108
1707050
1744776
1540149
931953
2637479
139350
688495
2296130
135116
4531960
2510133
192664
2299489
863895
2334885
746898
3051999
4431954
3760010
1814970
3445329
1825340
1683403
1702695
830266
2600770
3676869
477977
4839081
1463038
1018320
1180197
3157699
1846377
1339543
692397
3446571
2787226
2368823
732230
856038
2823244
935016
3628270
2999914
2176594
3046597
4699216
1380607
2809832
4554313
3800238
4842392
92981
2649509
2397718
1685643
4747670
1153442
4790930
2817550
4370853
2454018
2477285
3401723
338412
634716
4424299
269216
3146676
4281093
3068389
1509353
2289752
3349712
1049840
3513514
541054
2253397
2432306
3976795
2120470
1511200
3833120
2292776
4679586
2025214
1196455
1009976
1037826
246140
1244421
4072435
3698060
3432544
3426728
3884086
2803661
2321483
3113087
219922
1707434
3615012
91203
4560302
3646488
1798534
2940923
3381708
3003427
4051462
4701300
3491759
592086
3091841
3378193
1661069
3905035
1108153
2160349
4330479
783611
3205578
4007445
1365465
3039112
960226
3088289
510762
674786
1166262
1867998
1409994
1942059
1073107
2189262
4798723
149129
4869009
1349837
3706526
4304974
1566472
440370
4400739
2961945
1868540
1410188
81542
3252532
1114335
2094297
170299
1056009
1860973
4231824
2556376
2405214
3257322
3856733
4947308
1638179
4861277
766900
48703
2741144
256851
4698114
2215642
2084540
329823
4774159
809663
3394316
2871158
1138875
2466887
4035223
3744168
3358365
1167448
942636
673132
4006501
1020246
4289641
3395003
3039031
2399149
2858558
3797239
3992016
2208520
1315734
1369012
1878825
3777978
2112190
3256483
4482536
1129337
2497969
4018251
4265754
1136577
1160220
3164316
1512084
400741
3474762
3385891
1272818
1492911
4761436
4550782
1829020
618728
2135183
2344928
752529
576231
2384694
1612813
1387260
4447494
1160417
2494690
2597948
1277883
2136010
2520080
2776612
562959
4161459
136
809010
2419555
4469601
3195209
1388362
4814565
1817618
941088
267781
3306078
130933
3658150
1367341
2427795
550867
3885605
2408892
967493
3041482
2838244
3592537
1036683
2633316
3716123
175764
3107019
151290
3962808
4260172
864574
2817807
1934556
3921646
1080502
1414900
3930952
3860892
4414069
2800446
4989351
1191027
3495493
4415534
1256536
2522293
4405561
1162250
3336569
4493300
2199825
4325314
3505643
4088551
4866227
2614145
265679
2541770
3789986
1202233
1329791
2421059
1594658
1632202
740991
1550216
890014
2818058
2489414
4687211
4426114
1866422
1748070
4564531
3814016
2520042
469119
2746904
4995269
3874684
1927992
2934024
4415880
2830168
3599662
4826376
4921890
70173
4453831
354186
179327
1743891
1796887
1109080
643633
1949822
3469242
1163304
2872829
4991861
4292435
2942136
2293469
982351
524372
762219
2353998
3683343
2997312
1757991
375077
712983
3824573
2334135
2314224
3098484
2349373
4977346
90107
3965997
4258167
304288
1030862
4578873
2843738
2398418
4599894
252362
3459487
2132270
1464436
3759848
1515614
2907458
4608752
4656800
412150
1428725
1255876
4566943
4115982
2506713
2961823
919022
4383997
1485402
4422737
4780232
4780920
976367
4216534
2438307
3144923
4672367
2864346
59292
351762
664871
402223
1390156
1719679
4345381
1927481
4695585
2734826
2232125
312219
2247594
3262681
2184215
686047
3575843
3915638
3376493
1163711
2324271
4681790
97420
3644636
1014988
4510912
2786551
2442202
3195362
1139420
2140064
2044294
3525279
2976605
2917626
3182027
3069202
4579690
3084333
3992987
4650313
3863325
1330496
116300
1488103
2876474
1531760
4045623
1414579
4766808
1653004
384164
3935864
2268141
1787606
4020368
3050138
2798053
1426285
3733229
194266
2176648
4834157
3140427
4009722
2749098
398666
415794
1560947
2572785
121897
1783323
4497021
329775
4023056
2205891
3289190
459252
1051580
4463767
2932363
75519
3241385
261753
4795532
3193537
3341466
3787646
1136753
3831979
2751782
4720935
1553016
2666108
1641783
3504601
4186732
1939622
1408219
2286388
3700453
578840
1113094
4956472
3151695
484478
4446626
4173569
2766789
1326538
1824933
2491414
170348
4252087
3612954
3182894
4077358
267704
186258
4634090
1662652
1298490
2462976
4757643
3717352
1319093
2763878
4128218
1558460
1171639
403045
3320224
96922
4214394
4201244
1122904
2816346
283894
196106
1210143
1541891
2864841
2121266
81067
1699102
3968941
31131
4023304
2450095
2584190
3146594
2252265
537333
1160911
2396698
2226181
1868090
239209
516021
1740170
903059
3772949
3316541
250177
4617091
2494433
4893544
4495041
506945
4211811
1721612
532719
1279913
3719250
1320868
810218
3188633
623104
8687
1163397
4664594
1279905
1431062
3109757
2812721
716795
3041530
2105661
1597053
2236947
1387561
2134080
2977093
1393577
4161819
1150778
122302
1686387
2165087
806843
796325
2457736
2994206
2081075
3475456
4263799
104258
1345796
4213890
4073174
1017881
3717749
3423948
1557777
1884315
2481187
3586844
3885583
2309686
4786082
1811960
4422116
4354327
4777878
4454653
866283
2868715
813580
425300
488576
842767
3451750
4832000
4317989
3381044
464936
492524
3304513
1871082
4169099
1354609
2652694
1453058
54305
4467777
948169
4467149
3741042
123571
2778863
575317
1134040
3909754
3028912
426612
3658280
4135521
2309537
4346863
2366870
3537290
1391927
213198
906771
596264
2901786
817429
3132917
2859403
1015286
438846
1543280
2485603
4363565
2847596
2537097
2947404
3825230
4011546
3883809
240479
469428
1925234
3797469
2186480
4482035
3445563
4361798
379161
3500004
3860861
163109
1135991
3349913
3896300
385570
4397047
1017838
1190269
4825540
2807871
3166414
3949448
727518
2367293
4398730
3323413
3530663
999127
2181247
3208877
315379
1943369
58524
1711822
4779635
504763
2753532
2158076
2443522
4796975
468171
3583354
3888741
4293979
646821
965110
2739279
3660808
3380578
3996947
3264093
4057231
1559660
78767
449935
4463658
3853432
2317636
2646776
1624897
2634372
1844581
3873213
4309802
4968410
306659
4246733
202997
2911715
3515736
2994899
2220493
4368380
447541
3957686
465918
3047334
3304178
3621299
902590
9570
4241565
1074840
2868757
749213
2436533
3635774
4012028
4718532
1537043
250751
3778634
4695766
2312506
3127653
4625445
493457
3127956
597760
4270337
968777
2218987
1503704
1874420
4595349
233264
3127424
1689553
2193866
4235870
890048
4011256
914926
586421
3993422
310967
975792
3272783
1364749
2343967
1120767
2168522
2207446
3722208
298628
1337382
4890212
1758103
1583701
1921482
1756035
2763106
4957025
1540734
953783
4836736
3127827
2904635
4366761
4098363
4241636
3396137
3269059
2755744
2012349
4735130
301007
824923
2389859
2391551
3102831
2453990
1796797
3345413
887724
2629529
4542495
2979591
1021097
804608
1915710
2285346
2772015
4446032
2255857
370306
153526
2730469
146010
4187200
8346
3628282
3756215
2827493
251494
1525398
2303931
2116086
1495802
1999560
496771
2342077
3155610
827277
3841592
1853707
2411477
437662
2735423
2870759
1438836
3960505
4171132
2436526
4595400
4741629
3169941
1518074
3342136
2666399
898831
3427333
2092789
2990055
3839985
4371355
3259809
3363529
2293006
3749488
4256509
622085
2854793
4843597
3404074
505865
2685319
3104514
158158
948890
3637252
3713717
3420153
2674977
1597441
3240295
4169491
4869907
756948
1282200
1033129
3448724
3806700
2645577
4016257
4912394
2546152
3284496
3050911
208023
3663307
4410140
3618968
4948899
2043139
3469247
2266718
410599
3326510
3328581
4506970
3187682
3989989
2023955
2116278
1007144
793147
4481771
731996
2272490
1910689
243709
2105945
3011196
4825116
1903531
3404017
1616632
502468
3087506
3374394
4406370
195906
2032227
2402629
3275171
4857802
2570063
4922129
916049
2827852
3059132
3852286
3994164
4286498
1121572
2351784
283039
765122
2400900
3366454
2278550
4693333
324640
2152590
2119624
3054488
879426
1220912
535008
4807236
1701359
880982
1481437
4946961
3345358
1922754
3694804
2766325
2466907
4774181
669950
4038714
1824418
1838614
1891711
779547
371838
1643458
4966020
3224951
3449634
4842428
1018232
1905436
3096733
3073054
4317936
2594234
1698861
2168601
1289587
4181285
3816268
1276638
4124667
3672556
783922
3913067
161638
3608857
872471
1177982
4655339
599174
4125776
873471
2169568
3740793
683322
4489057
4798435
4134261
4324232
1660237
4585165
919881
4330849
3912719
2125340
666949
3037026
1298373
3934170
349341
4495134
1733785
2472366
4490774
633444
3719183
4766283
4558326
575546
3402798
3534678
3145027
1640218
1869319
3252717
1999529
1244663
2900594
3181402
1510484
3254803
369798
4458301
4758172
4818478
2975158
4471193
1961316
436216
1889759
3417435
675062
4055590
4545249
597475
3819362
2427064
4731789
1289317
1325959
3365367
856204
4189744
1824164
1680176
256456
4290200
3693390
2531046
3176212
1802877
4457174
2496474
129540
4159731
4428069
2403323
1141889
412452
4261188
2909619
4577345
308900
2065454
4180983
2032600
4275313
3536451
4604482
4085151
4976739
3606431
226201
4553539
1577055
20205
1913759
3218924
4027193
3285918
530985
3945911
1537789
3483918
2135759
1526035
2175878
2493949
305045
1488114
4053422
295757
769741
2729325
2788306
1114808
294280
2703901
10247
4404100
1401952
4588974
3591184
1785170
2753237
4840156
1766854
4327005
1321113
3208548
886878
4836470
2244192
453764
4563788
2030842
99751
1638922
1114118
2905712
1665600
121368
775105
840491
4716138
4062185
4863569
482807
163739
3658248
258757
758259
1002716
2916123
4691822
4901338
840884
354103
1288714
807175
2408264
2688620
4326843
1519899
2437197
70746
2758991
4289853
3428971
348250
3127438
2080775
367464
3265392
4643549
4094744
1179100
3539804
857463
1539970
3786825
4245433
4965189
1400045
4938143
4036834
4188369
4839218
1611184
3248649
2690968
2447782
4666859
137750
2461229
1384802
1617761
4099095
2321830
4238990
809350
2896467
1571006
1238675
3070300
622887
2141208
1290692
3892508
2468117
1121410
3272713
4501190
982179
4313838
1802464
3741416
1928160
1121980
1789685
4597063
667556
1360811
2926339
4288999
2297887
883780
4376448
291774
801981
4671128
942334
1340866
3709212
3926920
4969511
2531629
4952667
2088771
3538307
1744856
3899014
4024315
2403411
1353236
3684862
2740172
2511069
3837865
1483507
3698391
953681
3172288
2453879
3607982
1571491
133191
2683470
2791924
606738
4445930
4663518
3568699
92732
4567415
1456318
962956
1070806
2158348
2934826
1852403
4946086
2860154
4241491
4180439
4799874
2713838
2903197
4171918
3821575
706496
1721708
1593253
492679
2223027
135997
968430
4616375
917656
1317113
330746
4850454
2305609
1952686
3502328
1819579
1745511
365908
2141060
1621163
1811204
2240428
4789457
1988070
4928740
1145880
1920374
3110453
1147531
3560358
3572509
1708707
3260321
218378
4483185
735624
2096639
2127037
790809
2674192
3707230
750023
2196721
2345863
2310128
2482792
4324347
4736181
3372027
2779614
2297722
315871
4860888
4899043
3941140
4099523
1809473
2615000
4016961
648972
4534546
4868459
4658890
4992850
4518543
3790171
1839140
4632661
3766343
213844
3047980
4469068
3610305
3292169
2494041
782649
2369106
2651967
2143609
1228828
2955213
2978216
4547586
1036789
1492406
1879700
1983361
553891
1353248
2397373
678605
1545084
3440097
1485669
3945664
3765820
3496116
445730
3960766
4464190
268987
2260398
3413866
1839149
4740355
4531131
829567
3577211
351078
4723778
1436457
4008253
2042070
2236951
4451731
2693881
3265462
3939071
2417276
3547900
4493611
1606237
3748899
2140099
4717115
919293
985312
4058862
3341036
2558172
4273902
4785538
4381361
1191532
2582365
952924
2439845
3078223
3669464
4392265
823943
2364864
3453438
3914812
1496851
146960
436783
291178
3910117
3721474
2019748
2592747
589972
1593694
1217142
3615317
1399768
2181010
4874348
3778152
756478
1317324
2870070
1634711
2563805
202891
1837683
4801311
1723725
1555872
1944432
2910159
3054059
2417336
836110
3953947
4015965
2164112
446769
2264682
1398584
4089671
4540519
104495
3994914
3080370
2923290
889483
3799154
706506
2027419
4858777
1629315
2412621
1281696
2991195
118528
4230005
4880618
1940970
2009331
3871324
4899233
1823122
244592
2938520
3515324
4604360
2913448
3443118
4874159
4059926
1234545
2742830
648467
3267576
1925935
1523199
2537440
2764813
1882242
4490950
173086
1704456
2949615
2968872
3549193
470326
2638518
2686187