10000
52095
46478
78173
70737
15860
57660
43995
90237
41183
37463
71369
56147
28684
75297
85411
61444
18922
63216
33379
85792
49269
53930
37513
22788
99963
82739
89406
55010
60114
74034
5190
17704
75404
53480
62104
75193
35795
78158
53949
58067
23761
78629
35359
73730
71413
79271
73065
8078
68313
26238
86033
81859
20886
5968
35770
11732
89018
81460
23113
53026
15786
8341
58464
68960
22199
18271
98700
79315
60429
73360
85870
90501
6213
1959
80332
98540
23923
23589
54113
86598
56298
58763
99048
9570
74863
98044
8652
69592
76807
73936
12683
38452
29403
39063
79035
75492
44024
4598
48821
22952
8374
33970
37432
34599
17775
18687
16883
8034
24180
85393
92871
46261
65030
96349
3776
69901
43165
9060
98180
37839
3706
55086
92583
11166
94143
82876
71530
12959
99856
84987
68730
94704
18816
96151
59583
19138
76488
5392
3081
8809
84759
72766
94165
89841
17153
79279
26434
81189
6704
67135
19434
41079
72573
46749
34848
84417
46788
56771
91483
27588
3473
63892
90269
378
89513
80300
77353
88700
17812
58396
5903
36320
12082
94742
5377
38973
85660
38207
30783
10079
95827
50882
43840
83642
39873
14578
73000
47041
49458
10579
9888
64000
95802
25829
26036
56445
39782
54812
35646
62757
48238
73155
87652
79582
50653
56327
43498
24476
28766
4802
85798
27481
15813
15673
7482
71159
31777
9930
50981
50657
96352
84487
2748
18049
42305
8528
99556
8500
98477
24852
70046
19743
23901
48656
17391
30876
52302
78522
47181
1691
49760
47390
58353
89535
97349
44906
44393
57142
85288
36768
97076
21885
45490
91565
65625
14644
55321
1077
463
74713
16994
46121
2617
6147
54196
16807
7359
60457
70418
43341
53789
90808
81878
31606
30884
43564
72027
26281
44868
14572
14346
43549
22841
99543
75442
25278
53198
10591
41443
67063
64670
14296
7243
63634
62702
70585
30388
96837
74404
16264
79193
63829
1449
42205
98158
6031
44076
59024
72828
53067
38752
32477
945
40122
47023
96864
67077
92003
43802
22420
73875
92724
79550
20947
4648
75480
32728
22894
79227
74690
26410
48621
17855
79083
56095
26772
46312
12838
64534
83474
59613
50368
3750
37516
11243
39620
44492
88694
10293
68562
28988
79217
89796
60083
14109
41318
56128
21598
19001
18199
41562
7416
73713
59948
59905
74273
63531
51249
8580
23439
77457
23524
69610
26397
98719
40558
36681
25359
20165
23705
35758
84727
28071
458
12728
45101
74161
18467
33092
97541
47510
66010
75951
52565
65541
79470
7365
25657
26472
98554
86599
99130
4321
50793
92901
48744
21983
8269
60092
42728
7930
61598
71650
30749
27679
98837
99890
40817
82506
60316
69419
93252
84729
64294
87279
22588
51426
62919
10004
70603
6598
93120
11268
76731
45542
32870
72913
45645
94616
59689
46814
16085
94573
35314
25395
89870
46307
8107
14572
5495
84105
33109
24454
56830
83415
58559
80367
64226
67638
17245
9585
2613
51603
91221
77604
79236
48167
89266
31904
32252
68757
87816
60805
90651
68706
38238
90400
95852
23865
35898
23489
35768
76253
79864
70991
83296
53412
25941
38589
62905
48611
50320
9100
91334
47252
96309
4614
51452
98538
72376
21453
61902
60903
6192
5756
99408
94688
36407
77801
15487
36230
41564
19150
64780
63762
63841
8265
28371
57446
84277
27480
72134
63362
45648
67007
27585
94422
99342
20149
20648
39976
73433
97945
2389
10215
20475
91203
54989
11554
5718
73191
56120
34796
39003
67219
85336
39126
36985
99936
47238
31934
26199
23357
67894
76924
62069
16474
93371
11164
44121
70777
82198
15450
53463
23066
37228
61811
25033
23645
66573
56941
94132
18367
98174
11027
24498
78881
98042
87708
33395
37084
58315
32778
78203
66924
28038
36771
58470
9607
56906
59741
17615
56640
10226
35254
99249
89282
91932
75076
24517
22647
81783
16012
8887
18059
52661
86005
29541
8202
84448
17909
87773
26189
32024
6167
84741
41892
36681
84236
43487
86699
92633
98690
65299
91317
93247
69689
4281
70337
85276
56958
80447
61966
53578
95381
28696
71679
43705
24984
98673
74490
5200
16344
78887
2125
4560
84380
17298
78589
13598
90949
50218
70464
26239
59869
31486
86692
94819
66732
74713
96733
5568
20269
82795
35655
32147
22047
40964
30052
16065
76934
92311
9668
23174
28021
98023
66146
16661
6590
8476
82572
68617
20253
35922
85271
4680
50504
24656
62811
39181
94714
60330
56225
11917
66984
46564
49181
81804
67306
3987
77155
67646
39103
14581
30625
51631
61513
42447
48878
77378
64652
11075
88245
81015
13632
6736
1392
91195
80245
7788
82751
21898
9997
10492
19302
60507
96547
33371
35535
22887
95687
34164
36858
7031
46556
66147
36589
27357
19139
33854
98300
52844
73919
82175
37468
3909
2141
67372
4228
85334
13216
13693
12482
45509
49647
55098
89682
55863
39168
98030
96347
98642
38875
18203
4659
35986
86734
22053
31486
8804
52133
61835
92739
80042
69035
92220
83169
93652
42826
95833
88558
67968
45060
85348
5725
80168
49111
10542
79799
27122
14122
60135
68003
67130
94637
50324
4426
56991
39002
34541
71303
99239
40825
52329
78856
5579
24734
59098
17964
64232
80155
43113
77774
71312
4998
41228
13823
49294
84897
10671
11288
29299
13055
639
12750
18113
50746
94472
70132
5757
39197
60896
36454
94891
99815
61079
34634
49449
1647
7223
27764
66661
32441
57908
68116
73949
82875
65630
20600
40208
42242
62739
40473
69561
8282
83436
34815
14949
33909
71522
52595
8740
69184
16269
29137
58087
8151
92090
57363
93809
17097
51617
70391
93369
3265
36322
97913
20842
81214
24018
2225
39781
7794
28367
8864
58497
86084
1949
21519
61492
83692
71484
51215
65666
71403
51514
95706
15404
64496
41088
76637
96744
40902
6996
79191
7606
17909
96573
41823
68360
92261
3345
12075
95081
87282
29500
18631
86381
5019
50703
9386
93982
51447
90711
70714
57051
88423
56018
74029
80810
67319
63974
92333
31040
16180
21843
91647
97826
84773
78703
30065
54293
42
77388
90599
99015
48202
79360
33107
24451
79210
21914
75260
97941
24233
94108
2875
76715
27489
85532
65852
3813
20057
70284
37606
47948
5140
37500
2993
57091
81812
69280
92666
92873
7408
97082
181
974
87479
38410
2265
51169
86657
27070
52418
50067
73748
2338
33274
89308
50074
15008
34162
42596
61296
41644
66871
65962
59892
72245
44822
87458
67949
51110
28694
94797
88093
5852
85001
42473
24156
95302
13212
3498
2530
43509
71679
85127
30252
4025
73027
12826
86431
16424
25551
62172
19950
75226
68799
84579
18245
30374
88711
29382
19509
77943
495
12242
63760
79939
55905
17808
17058
72845
65676
53165
57473
86004
27524
87857
81493
92966
15525
26130
75145
61620
17579
57525
95428
52208
4298
23079
24505
36285
74823
16100
91643
74177
52933
8882
6051
93740
259
59685
7478
58951
72494
7939
20907
3349
69204
9850
96631
30342
18167
1468
27680
50131
91137
1750
62823
31231
69505
84282
75277
93556
65525
53034
4756
59568
57633
54916
63639
10136
16820
49876
86844
62600
85101
37892
9325
99929
16855
11454
75167
31912
9107
61991
17931
62018
27814
19204
3074
66851
83775
43330
90271
69033
24001
22183
55924
98936
82211
47082
14280
95823
75595
54858
89405
94793
44017
26673
19597
82318
2612
28665
20868
80230
18986
64280
96777
35697
32252
83646
58149
53004
2667
61448
8095
1909
17864
11515
55333
76873
84518
53677
41864
61648
2707
86460
9896
74512
54337
47777
87270
30849
36721
65024
40688
61854
37672
5854
31632
70776
79516
41385
11222
91454
55930
24719
7059
37802
47772
69366
87694
97448
31876
84577
38463
27938
90253
87506
46218
59672
86217
65815
69871
96199
98653
8511
68702
29543
96001
57699
70989
55884
87458
59422
91844
85260
10502
7846
50977
87844
1040
83832
98673
8916
45315
86258
31385
14831
31177
42460
67117
3083
365
62780
55202
20974
53219
73434
15027
89471
72511
21785
33981
21503
14075
98595
6124
57224
58483
62932
59968
12762
30249
87162
6319
53424
68817
61812
35220
57611
79123
13071
4858
33406
98526
89322
94645
86287
91679
67332
39746
13438
25183
13584
24923
17802
79874
11725
91897
93353
30136
33241
6253
31952
56867
85155
37482
41719
63547
15970
28898
47040
33304
99016
72896
61109
98975
41014
61464
83345
97859
82865
51838
76063
48178
69587
72868
17466
15241
66757
98912
11315
31867
91971
34960
57573
99857
11555
89249
52853
27097
25119
57734
94686
48364
23548
8561
9425
37000
59621
34101
10027
39263
14708
33101
17009
53576
79834
96157
43532
32794
94910
93995
53894
9220
6024
9924
53619
29294
7442
15365
58893
37719
32324
60481
23261
69242
44135
40722
70304
90394
59372
4480
92462
83186
1447
87079
28173
78113
45422
91967
22218
24757
63817
91232
7452
34859
24773
84484
20008
44971
25631
37653
74625
23569
67345
21379
81946
91033
88110
82474
85381
29942
78229
11309
31626
37828
92472
12990
65906
14924
61028
50866
60754
85314
75671
7144
45381
21561
93834
97289
1658
80021
60064
82451
32264
56941
91660
47208
86731
43855
13315
48808
51923
94907
54156
98376
74904
18407
39875
4643
88213
70272
22433
96359
50219
57980
90369
40859
96562
60201
93836
93097
22576
29527
205
42030
81157
73507
68481
69339
85740
2708
93738
99288
53789
93525
26386
97859
12691
38271
15342
74376
16963
45297
59035
49443
93368
7958
73659
79295
38825
82743
4188
68574
44932
4131
10432
61021
12495
16556
57773
70782
49567
22339
30171
5726
17388
28486
61695
38614
99956
25015
52043
1974
25094
42746
91373
18156
57468
19507
70280
27330
17397
50226
91847
43094
53150
8655
34437
47844
9016
6231
36277
38241
86608
97108
85839
44858
92636
47424
5670
79484
2843
61587
11540
8595
48821
98715
13647
12126
52124
18301
2112
62977
88370
65754
25096
54546
62980
45709
24618
11130
19715
33765
42530
39159
83389
45848
47059
16022
58914
18410
58976
67602
70236
52413
75663
55699
24845
39390
1231
82127
32118
18797
91314
17565
87152
12484
12303
80128
55590
44305
96469
21147
59548
80725
46878
23773
69905
21729
8874
83828
56020
30432
78629
21683
30352
14497
63422
68972
52554
62776
43201
84624
25239
96594
8477
80909
21925
16611
65697
82151
36640
13473
7984
96230
34141
63247
46504
52165
9946
47121
85702
45844
40133
18893
4265
40332
12317
93542
72889
87252
81240
45447
99849
71327
85110
85801
45759
31493
92100
35363
90137
78840
20369
20869
64041
14202
89498
1274
85440
46312
16429
73459
46982
25260
64764
16091
9405
35344
92751
5067
48102
36454
22295
74275
85206
3741
69029
1395
15037
91635
31780
69983
96878
40132
38674
96393
45805
48802
86705
12793
99594
67134
91736
66104
77815
88570
86718
26712
77732
90001
67352
507
70950
28497
86425
3175
74559
92715
40794
86584
71047
7677
78210
3722
42346
8480
75196
60804
65117
31110
1641
33077
86762
16550
93040
14208
64609
88252
97048
28316
4356
42376
47472
58340
78075
85228
45857
34835
36970
62999
98535
85180
59534
55145
65240
64820
91901
44652
24397
79324
43894
35973
49679
58920
1654
64522
22640
65576
5728
30433
77013
96825
22083
93632
81703
194
2764
87351
21542
27465
92797
42786
27552
38951
90388
68939
41777
14506
8614
98533
75645
40262
18516
93432
35400
17878
75906
1116
43291
86531
47129
67572
79033
57017
52685
41327
2462
31958
41842
48352
95364
26527
96216
78268
78141
9988
35798
98499
15244
59973
67026
4927
22296
58622
69227
25147
27296
62505
63110
13539
18540
46776
43013
16138
32650
58003
83172
37707
97563
9902
47571
13419
47351
21476
42735
73188
68428
28069
53387
87986
20041
92379
91932
4349
95775
4714
74528
5821
57478
89592
8825
88203
78051
29256
41467
99276
75481
73728
67061
73013
6814
31785
44539
83375
17873
27499
1719
53386
12205
63025
34366
81455
10993
49824
22138
88839
24660
57773
90569
49626
46381
84406
45597
37769
7946
65023
95108
14496
9180
28451
50641
83781
43581
52969
71557
63604
94857
92251
73903
56355
71751
22097
76670
53033
81817
5347
99234
72757
18761
84569
55548
21635
52476
89928
12985
53195
66128
93102
96729
26335
80388
47232
24249
86141
41388
27535
48555
37969
25994
27599
73921
45786
35679
72305
83111
62093
8573
79907
81369
88578
78202
43022
19101
74238
46972
1090
2573
80797
22621
45348
39945
84045
86696
31430
98532
34120
25486
74392
68475
67745
55939
66351
37815
51126
21757
87807
84515
33430
18122
80378
82013
7702
27510
10810
96695
8576
13525
84012
27993
24288
24897
56314
4829
64261
7601
59181
5728
2938
9440
68396
14165
15544
88526
44002
55563
32122
4742
22267
87869
62438
81581
62534
33731
86248
74686
38989
49035
60960
72945
20249
19948
71836
88208
98113
68568
38679
60459
10892
25922
97314
16713
56457
275
94235
73968
5469
28593
68375
69216
6213
49469
45284
32790
19037
76949
35861
95296
30605
86440
14304
32905
76017
46223
48115
10923
40281
41102
66731
81449
19727
38323
84766
27244
98655
40149
40880
21072
36830
52305
73891
87415
69403
73058
34087
11753
92423
73728
19506
41551
44303
98253
34543
62643
96439
56713
91350
14853
34639
25767
13264
31522
47095
97536
53911
49031
34356
37723
15649
34438
22064
23593
36632
22062
88190
32977
17089
33108
13099
46532
72273
76382
22946
7228
32067
92674
24783
53436
55376
10588
25160
4943
91211
27365
83140
34827
97762
14716
73322
4419
25753
76669
24785
73355
83063
54195
57881
22306
23835
79580
62318
41994
47180
32534
47223
48924
48140
39495
46695
85558
36679
87826
82828
50695
29274
97353
72231
84390
22037
3163
11824
1035
74366
55584
94983
24028
67708
36007
90104
26009
55345
20436
60182
19691
85965
96637
14265
76104
66327
55292
59445
69409
26457
30711
65507
60422
64587
62512
63445
34624
78450
86042
73756
4645
34555
36413
765
72092
87699
68672
35171
19079
39296
54945
78618
65909
14898
18299
41260
88127
48925
2647
66157
33503
87662
58156
2796
17499
60406
42467
86056
4398
23022
99413
76751
491
48198
79016
85086
95598
22326
5179
29438
89681
10189
80831
79373
32417
65571
44175
94061
85343
98381
54244
95056
88558
57059
89181
5898
76918
48778
86407
50031
44318
99371
40305
23291
98877
49921
82
47496
86688
97585
78161
67671
87300
14533
87737
77001
230
20709
77060
40807
48485
43725
17581
43700
22518
72269
33247
2485
75940
98215
29041
71507
63005
47025
88295
16820
77068
16013
60337
50870
9110
75736
52734
410
95882
41014
75675
26848
68385
84961
59967
30528
43068
51989
84668
48218
20567
23824
5578
96554
69734
6375
71549
23290
78355
34710
52100
2859
46178
38356
76758
53153
80740
69848
4323
56330
31981
75678
98486
38046
67709
80710
85206
96764
48779
64640
6746
77552
10152
32216
67505
53300
92022
17732
87547
10333
93814
18661
41150
35119
43065
23356
59772
64095
81103
83350
21494
89605
67900
82099
32298
11498
99585
68868
28474
86175
13877
58998
93979
52695
31004
49952
91791
8969
40729
66255
54039
70233
99648
25917
62173
66614
47234
15859
75464
26990
83890
74585
33789
52274
79840
6563
68980
2864
99726
94675
7927
12159
34581
34670
40178
90925
30156
88598
52967
5729
88617
43086
7375
98714
99209
62623
40777
65776
22722
48083
32789
25411
14479
46359
64559
91598
21043
8233
34603
10555
26943
58508
68268
33456
59470
24968
72492
75049
81958
70836
42659
51528
18941
89212
24208
121
60207
47333
68033
57564
84996
13544
95773
14955
32451
60491
8791
72431
19933
14337
32892
88716
76911
11672
89833
57774
18876
33340
26128
47638
33107
7512
9923
4965
86085
13142
27454
62897
90978
69308
72056
89580
92848
65978
20728
79977
39117
77364
35943
24578
3268
336
13690
85219
20945
77209
22663
70390
79274
94793
44049
30264
72655
99683
26579
85142
1213
33581
17244
60084
41755
71819
14587
23186
65292
43272
18448
15328
10031
20478
17778
15159
44276
95099
66408
4647
69764
95693
45591
87773
22687
62323
1687
67740
27037
65677
77538
6539
42905
47110
26884
74806
30938
60445
12574
49607
23452
16383
41424
33094
52510
65997
81192
45972
35805
11088
38487
96281
62265
96034
50329
36191
51066
18335
56645
97361
80086
93136
76141
38866
92812
20860
3812
50754
96361
36376
84757
31058
57461
63270
96052
94335
88159
57304
86050
75861
88468
99520
78850
67097
79288
91278
50540
55326
15700
11071
23409
43139
18054
16071
4485
91935
96295
10184
15555
67680
71564
54714
23249
66843
18356
67817
79833
65823
60384
44549
28014
68073
53783
30556
6366
19747
82389
99408
15928
26890
71597
16037
73049
35038
99631
16906
78754
25523
48067
1339
80683
41881
87061
7772
90113
84480
34971
43760
43587
1781
66914
49198
66377
62625
72321
98464
3300
15545
77608
89142
31317
28232
56890
22429
57936
53221
50968
53539
39560
84226
2844
79156
24774
51690
96611
33375
38954
55810
55830
83610
78655
50616
17323
53590
76898
73664
46851
51811
33774
62462
4240
50740
80733
10959
97221
44557
61435
97281
85688
11387
67264
57335
10981
19723
61360
87964
28486
48165
61491
38105
16048
32583
29111
86666
15543
15483
29627
11836
40482
48621
87225
28114
48601
91796
56487
4543
35146
58272
72626
80483
49917
80434
22316
63689
79125
8050
97892
29570
61739
5895
59145
40192
29215
87519
28962
66933
67391
7603
91744
31642
99807
36563
46858
77742
82801
58049
93255
44939
84518
62391
86001
49000
92292
57289
10584
61544
55858
80756
66696
43875
27480
80733
39621
13556
4300
20820
64363
12823
13088
82200
55389
3808
3055
58123
83106
37211
28514
79175
27164
28195
9894
65123
26177
26151
58991
72232
73683
83435
42336
93739
80926
12235
35139
75566
38485
68460
87542
29360
60819
16879
84768
60597
90488
12642
33223
80778
72087
80990
45744
39592
79868
89064
30917
95496
97598
81644
13744
41265
4315
96038
27939
14851
15527
80481
23737
55295
65752
15056
29344
8423
95393
74527
89013
47739
22598
78404
76232
52176
39058
45146
46598
74261
67637
4626
51723
39781
59248
25809
82858
43162
86593
85034
50911
41577
13186
34411
38156
5140
77465
29497
76166
50625
33914
40814
14362
71744
35724
4666
44066
80307
26878
65327
34052
89485
35434
22887
15325
2917
24353
28837
25234
21525
61378
64975
84011
43707
15293
275
30412
13936
72277
45052
87425
69838
93182
12137
63832
48457
163
50670
22917
38683
89457
39756
65725
8711
15997
16406
83011
94940
85089
65020
27388
11828
16609
14141
45152
31017
17898
70261
85918
82441
13036
68219
77384
50118
28179
32992
12441
70997
25329
28702
46328
96509
10223
17214
42644
43330
13924
60899
38746
42409
62293
81991
23469
93472
2634
34408
33046
45940
52664
52992
74759
56632
73359
19840
82049
19628
44270
27706
89724
24308
37589
26448
93343
73866
45566
10033
23017
88478
14755
38859
18552
24825
80164
94958
40278
66835
72543
36114
87851
81244
92829
49006
27958
86005
9227
1209
51065
49569
34416
57177
87256
24714
83092
54357
11648
21880
93309
32079
61001
43838
19050
68163
64915
36066
65975
5944
67292
55321
47505
47913
76816
22707
84163
51246
38747
6880
55553
85189
64604
78100
41378
615
91169
84464
55603
18009
65711
27898
86157
61746
70471
59439
1477
55690
6174
70806
74776
48026
51678
32415
7090
51649
4921
16794
920
70551
88836
50693
47776
32329
75269
59267
44923
62273
39670
1288
49335
15475
9937
45670
10154
29941
13792
6459
94886
75932
60914
35944
39106
54572
18316
73728
4610
42210
50524
63329
26797
86143
99687
77311
68433
31970
74981
36929
74035
3195
5566
72942
36779
59678
86800
50519
48140
33070
15584
73021
99401
74609
67368
87029
43693
53483
14816
34052
7444
12399
26010
33178
60895
21114
8774
33321
18751
68360
86878
43681
44119
97944
3776
36768
71538
25764
50003
19518
48215
71033
1497
85000
16494
97279
37804
89686
25168
86424
81539
49409
62378
62790
63426
10919
48672
42914
70861
35332
15219
11773
82207
24784
19207
16353
23859
34232
16162
23455
12606
36667
17186
10207
61974
51821
8069
42956
37919
6042
96769
53071
46620
64103
85929
36599
25137
62515
37902
88842
84268
78283
11177
34614
22220
87085
99166
30246
87526
488
94970
94421
20180
23069
39030
71433
41030
37257
80546
42718
91242
6149
98047
80342
45979
82771
79683
79541
39458
28002
59629
16536
42142
68736
43395
52539
25066
72951
31911
45195
31166
78915
71895
34642
48952
92102
18350
43011
50012
55235
93942
63325
8521
4414
69576
16641
68348
47431
70624
24695
61310
39149
34128
79449
8724
83181
3658
90566
57689
59186
50601
57243
13358
60685
53305
41762
28947
29603
48831
18681
6373
90633
95954
35831
42117
21022
52656
51088
25289
39535
76464
2370
57858
62146
1860
27357
20621
51335
35344
74186
52721
80962
35853
34654
47399
49295
15843
87467
92129
99032
6699
60617
97440
45084
81038
9193
65405
68364
14024
57769
46210
7021
95982
74963
19157
65275
79427
31830
13075
64443
55008
45479
50376
80744
2951
24642
58816
50133
59253
14838
45556
71660
69175
87411
69189
7771
74493
28891
77163
62460
95556
64966
98388
16361
24349
96830
93794
11586
40537
36727
71232
8581
98964
4226
65344
82215
14044
85113
67891
85019
84217
60714
69511
81734
57937
87064
40004
51234
41544
40538
30970
59388
88984
49395
31991
29612
93462
99140
49542
76570
21950
33687
6414
22953
94869
74024
78690
89202
15365
41407
97179
31761
95184
3064
40658
6663
7570
54972
39455
52169
21423
18492
89594
16707
35590
55450
50089
6470
37281
99746
58991
90842
54440
62614
57380
83195
58301
93397
54741
9603
99427
68031
4025
88704
28202
33340
80179
72182
59028
56917
72067
37227
86450
19472
4399
79882
50921
39437
3682
31317
82152
38045
10202
7811
18757
37163
16609
9674
14343
31912
82987
4309
92239
95397
38085
64282
3752
53848
26924
82542
78092
17054
6086
53815
26118
61168
19724
93714
74496
38811
11715
65274
62146
34839
42347
96354
26576
95234
81558
789
44165
31288
44972
61135
65506
41565
23849
91564
4577
106
35552
75673
98822
30897
87248
65901
56171
25859
2291
38764
44511
66419
6099
23252
59390
77204
6359
58501
26458
74456
30938
91272
56608
71513
6190
93742
73840
68978
68154
67814
78518
88210
99676
3367
92020
3312
77556
74807
52690
89021
95590
92774
97544
29736
1730
75999
69396
28349
50568
72100
34807
12678
25981
35491
84763
61957
32980
65566
16966
66201
92710
19032
66343
87198
10
36449
58681
11501
19039
65018
11172
72946
99281
17103
93269
75100
91509
77157
91394
62478
31355
58501
91826
73452
36709
15746
7554
57485
34418
38740
26927
54658
91616
89510
54582
16411
77507
94958
48455
92993
22528
74977
30612
25348
73583
68139
64154
56956
66363
15309
43670
24661
48788
75225
42475
96530
93204
75572
96319
99566
29215
48020
80297
20373
13880
56383
53352
67857
31515
3323
3102
58632
81426
92888
22591
22984
68671
33741
90176
32092
60261
91027
3888
15687
7274
33646
42428
73344
61882
78044
86397
82394
37609
99715
35382
70705
70936
69179
99199
53575
42908
70529
24947
30563
10476
77518
45347
260
79069
94650
98522
78874
20236
18932
74427
1935
1196
41661
89027
47500
46754
89070
73703
43997
98260
95611
94427
16090
69170
14368
82924
77998
22242
95306
70341
5222
9528
3995
62869
2853
23048
10924
88301
41491
1403
54731
72717
50232
25564
71373
77246
40262
15702
85698
36315
82348
10147
81892
90830
76776
67434
4914
2414
35317
82891
96296
68117
41324
52310
34610
28969
66313
47015
33359
80246
99185
86981
47283
46564
87721
11658
51759
80640
1045
51746
89414
81052
96482
99455
23075
1341
14564
59567
94827
40477
31841
39200
67232
63045
72852
204
14619
96370
19688
54913
39917
91427
60499
33311
15638
14487
86722
87667
86351
57307
82895
29317
24444
15062
52611
11482
924
83270
89542
81916
18713
67674
33365
29620
57113
84289
47046
41004
93041
50789
14130
62612
97154
34952
82504
39873
51093
31045
74595
64343
95908
80844
42990
15518
1051
42396
75230
27521
38387
36701
41830
45853
56324
70151
37530
64859
75378
38868
87387
52694
68464
70011
76507
77306
46640
44676
15049
44313
44244
77176
68603
45640
86097
96304
68116
96404
23843
85600
63237
6763
48517
91692
98310
95297
22109
2468
71187
1027
22089
30107
81591
92215
59839
7981
88025
1905
16389
24913
69990
42452
37032
75523
35777
64355
40164
1152
25164
28247
25067
32287
31043
53187
8396
20486
4375
89231
79765
65433
12763
37774
43095
1101
94593
9236
2285
3880
87831
64430
57283
25135
15433
33315
99797
30770
77776
42781
36610
51222
36610
13802
22914
6725
74688
7456
58063
74711
80653
9225
81790
8938
39618
41444
10220
3164
6538
84917
67887
16208
1634
72412
4502
39685
94969
89145
33332
94969
40756
78344
91870
91677
81012
3581
4818
66416
62952
63813
24440
47600
4760
91949
34029
59782
414
93209
26429
89294
75765
95689
11504
81866
95311
92277
63940
32479
71920
50426
95922
57880
50226
54255
27989
12964
18494
22122
35756
23684
53467
11973
70257
61184
18028
86704
85229
74513
12478
62225
56011
32627
26803
2016
41558
243
53531
53753
23643
86720
98566
45898
55413
62293
70918
75145
65290
31767
41232
19258
91551
92248
33834
4017
67977
78508
57248
37930
41588
17254
84159
3766
79748
69889
63351
62165
15847
42287
83354
79252
90225
79598
10393
37581
66244
44371
91645
27720
40060
96972
48946
46385
17171
58811
87733
46292
98725
40838
11407
92728
6306
62534
62203
82374
75099
69862
6273
70981
62334
84597
42859
38274
50301
82001
45323
90792
71511
98971
35170
66394
47222
20621
49389
57736
10030
79639
86040
16300
76209
29861
3427
33387
44134
23126
4104
20004
21369
26834
56578
23650
24959
68505
94746
26797
56907
83221
87959
69168
30013
69986
93062
23947
8006
33863
83831
36644
28289
2144
2937
4592
95650
54898
96900
34894
70930
2873
75472
69164
29884
79057
83421
4471
34432
84148
84956
71672
40928
40660
38823
54679
68301
65670
85565
47157
62632
67918
77550
46817
24158
11465
57023
81666
7707
65112
27833
47459
68204
74522
72401
11067
99175
52211
37077
626
4036
79561
46280
60019
47524
54540
8587
92653
57732
98972
46460
57452
87983
60036
15321
8605
2196
2050
77435
89864
17397
86708
61380
4034
22673
82561
68824
78768
95145
27851
86940
40950
50429
94755
26975
93618
97558
67606
37321
61795
16520
52872
32927
36553
40278
84445
41901
269
2610
74242
94955
60258
8031
85150
73582
52830
90807
71041
88884
5314
56251
36870
84507
59701
39445
20797
44376
68312
74018
89837
38725
69204
36781
70705
60408
37116
22753
8317
87522
84253
9558
55855
58125
54551
90132
52358
58108
14840
88385
36417
4291
96881
23675
77953
51364
85327
56891
83893
63511
78388
33444
48151
69368
70395
36592
71501
62473
18381
78331
72715
18377
58454
84448
48761
74361
31970
75364
18922
57988
66354
5045
5375
56687
30933
96501
61040
92180
54235
4353
54475
713
45985
42354
61109
22929
14317
37038
90311
75681
6811
7304
98565
12105
32484
24243
467
76065
41161
75457
91306
22357
46486
43827
37666
5015
79347
11896
75774
32691
49566
19992
81275
52230
75478
38671
38631
49432
13372
64259
43545
49444
81742
10004
17598
58284
28951
44755
702
11739
37081
26133
14057
88189
89683
85737
53939
97872
56576
50277
84966
82688
64959
24348
50413
47845
32883
18147
6692
99486
38437
76509
19298
80889
86025
54478
28315
83918
9720
88950
2997
62097
22896
36029
57008
87038
83256
79289
88569
70882
92781
65493
43047
24011
93322
91140
69475
29487
50241
45788
57035
93524
38883
16201
92684
74725
61670
69171
76942
3927
27184
60252
71265
81182
16875
60629
27492
76775
49889
55055
67496
69053
31981
39999
39526
23527
40604
43068
76599
54838
55018
92284
21882
16040
87591
86954
66173
28102
10491
60594
63388
96626
538
80834
51389
62477
44281
1184
7541
98327
55167
65221
11048
94141
55196
65033
67451
71128
64560
72608
74554
25957
24500
95431
73631
34827
50977
55657
34914
40474
79749
56003
72200
4231
17042
74929
67796
30014
54270
28639
16098
57413
40090
48134
61780
77018
28593
45788
16861
42718
38525
87822
89825
42883
65186
46558
49570
45217
84007
79505
77074
48468
72802
71075
28525
58327
58298
77125
45045
54495
61783
32563
96222
31286
78594
17854
37304
75030
76628
31593
93242
88192
40181
83151
56689
82256
17183
1951
1584
39316
50218
58060
69169
85741
84743
2582
79057
30371
51511
65669
54407
94401
14441
95069
27301
468
60075
78705
8122
94362
80194
71084
60995
44439
65327
35220
26306
928
83599
19280
70858
249
66738
10298
26393
67848
63049
46069
98007
7175
45765
20762
85446
62105
84439
89742
62247
5489
96898
64827
455
37402
99761
92383
11876
73315
66649
23636
792
64570
84941
19029
87589
21387
74307
76655
67951
2101
93222
38530
18051
91392
13291
7868
42605
14988
85443
5568
89713
28629
56929
4723
24076
75103
23527
8274
58466
24646
17490
76792
92306
1299
38507
70914
95688
50598
32293
46091
7397
22435
9437
26081
86287
27012
75735
86009
66781
71546
14482
95851
21300
651
21046
10813
25146
44349
40553
46375
52625
24202
616
42666
7136
80275
62779
5316
2492
59478
38713
8126
67953
49270
30182
56636
45199
49840
55428
41068
81915
52514
18842
52151
3754
32541
65660
93982
64040
70313
38917
4317
28948
86696
21991
84618
54768
15330
6823
49699
53465
37588
75255
29900
22858
74377
18910
97588
38605
62991
51658
44087
66568
46968
87963
3201
56187
72247
70239
3139
18186
13827
28855
29920
73218
53771
49542
2202
81983
93567
4676
90044
31913
11698
77294
58219
60683
70739
69674
78479
42623
37378
41935
34574
50507
3447
70332
38831
32273
86418
49821
89752
9889
43740
90903
26367
15873
56980
76932
76952
31931
28984
54748
57271
83684
90019
28913
46611
75677
27412
17782
58676
21621
37197
8265
28797
36284
46059
15378
58905
7462
67142
12538
97417
59168
34283
49046
82381
50453
5786
12328
43194
28211
41082
24211
38663
66878
31449
82921
7371
83089
9393
75429
20053
9177
70419
88416
53087
45819
15600
40366
47236
91180
63681
42134
76394
61589
87434
68858
27402
77062
538
92166
83842
83960
58479
78396
14294
26555
39802
5879
88614
59507
42480
92355
84655
14036
64276
52193
2142
91984
35665
22293
70514
64047
39213
5487
23167
91093
80278
80650
11757
70826
70471
19933
51201
35931
47525
35190
18455
94437
83053
48109
76330
8186
23137
41481
57390
51067
65749
2698
22322
75183
3762
14780
2238
40069
52570
85121
44990
27833
37374
27614
11844
75346
36688
29920
12765
3573
65913
44423
26079
13625
37576
38722
21427
49379
53356
29554
93689
97218
67059
2610
19955
4934
7423
89967
71631
53860
64975
36737
49439
10999
28113
38965
60302
21159
148
76006
22018
73116
41294
92269
64166
88292
57377
5633
91786
35677
524
32793
92193
72479
56151
25446
94635
46450
65320
5414
37577
72838
71780
71722
58966
16657
89087
28089
1189
69192
54655
45418
14240
6657
74889
30642
48212
58405
68339
20584
49315
92328
82276
57536
12421
45831
92187
31837
97525
92225
93377
95982
87538
34440
59206
64676
50444
60578
71451
15685
70156
79221
24850
97505
27300
76231
70104
31582
43631
99421
87455
69161
51992
82584
76373
25882
17450
66206
6031
70794
14654
58614
95884
90742
61488
8321
86079
85926
19721
26071
13283
77911
99626
3328
29191
27510
47463
22905
86141
66659
52181
46999
67070
45814
80922
98018
55556
86333
41592
18450
25736
5979
75219
7412
81611
54861
829
83569
90572
59049
71171
16813
36948
19529
48968
4355
67952
55329
80187
40851
16614
11361
23394
46706
64117
73875
92387
73868
47407
49444
83065
4270
27038
66972
84891
92439
4917
56498
22323
80908
21938
43390
32245
34683
71466
72044
59671
99365
36201
39293
45927
86433
93158
74492
90996
28722
34356
50584
94893
29363
19221
48463
21676
48197
8840
25544
84108
31124
31868
58698
17021
89903
97251
41584
93019
82592
99871
16860
35522
28101
61796
14933
933
12288
14049
52565
34339
7551
51611
17099
51227
33056
87861
24979
61486
28545
93698
96924
31382
1083
31349
36292
74178
31174
83149
32070
70751
92319
31576
33412
47782
46432
68369
58743
83049
26406
97808
9198
64819
6727
52013
53521
5500
93157
54629
39563
98497
33360
53319
66072
11594
61701
91177
17783
30193
43592
2563
26617
99421
77339
99730
72318
65359
44824
63316
76961
82522
76216
61825
79504
37310
8517
3231
98916
35204
72865
65122
7416
13322
41387
59035
38942
69300
720
59215
52246
42519
96498
66459
52840
44296
10658
83596
53523
9989
91788
50783
19332
37793
57665
25965
99494
86584
28632
98715
96329
28262
30700
94098
59010
88859
28019
57303
18758
67031
5813
9483
1222
88602
26904
30583
61720
41466
27639
55898
89438
36405
2339
69659
17873
56304
49300
41181
60464
88739
15937
76936
62807
85076
85830
55344
25738
52973
96256
70190
7280
68589
61171
33272
55611
89800
1697
77188
60123
62406
53843
55194
33096
37520
31455
56559
50654
60296
71351
43132
88392
47626
77147
65619
84415
45580
8414
36529
50550
46167
32670
20859
31076
47354
69084
55260
77569
60313
4854
21782
68322
3524
57856
83236
51280
74595
92530
33815
30559
57611
69814
30794
48332
6271
26549
50985
36261
41289
34923
59078
23607
14258
88345
84057
92788
19581
96524
74623
67398
81101
49642
44858
2513
705
29122
27335
22685
32424
840
22466
19058
37494
25531
70070
73811
83304
60693
71987
27511
72352
8480
63028
42917
26054
84852
61608
47408
2702
46724
31149
55446
98819
15829
48639
82336
68872
80770
7722
61049
99499
41985
80241
64975
91388
88271
22409
21220
34387
58115
39552
71410
9602
44185
16896
99987
16031
45197
82898
3538
98625
55763
96349
18998
49740
11889
38814
63397
66532
77458
49912
63305
73196
65362
64553
68262
58745
35819
98416
49211
38630
4032
80813
80303
21604
19454
52538
90463
52005
49775
30362
49666
2043
14146
89575
24171
8674
62209
31274
94784
85324
88192
82070
82724
89944
2611
20484
68764
97814
58047
36466
23090
10030
40052
8357
85652
26712
89345
25016
49776
27814
17336
89975
5437
33718
13388
19129
92808
62904
19299
83853
1588
64575
64167
57371
27057
80404
11077
93772
59988
81455
66007
6317
44214
33885
38887
14450
83056
70113
26896
97458
13784
80986
10935
26740
97915
98798
17594
48377
94378
11106
996
53067
92421
30848
41593
1364
81681
49643
42264
68805
27877
17930
26005
37721
4383
28230
4051
90287
2272
25883
88449
50926
4420
35420
68892
85171
62864
70114
60043
86863
62861
87275
52670
75849
91940
62492
69532
84334
57748
82310
35299
31604
14578
96705
18686
74044
65233
30254
94572
70227
2234
24034
3994
19273
40337
69062
60749
14794
71005
96473
64769
6426
38650
9654
34436
76289
98361
79195
62728
18671
65321
72816
35377
57810
7207
59259
23119
50872
62637
7732
74703
1028
91071
2565
92485
49011
72548
6577
68225
20619
79293
35968
93143
82304
35444
54653
33355
97373
65983
56533
79436
81226
11526
80501
37231
25681
51624
94873
25873
99629
36093
95445
88618
36086
71130
84518
2190
84172
45075
37027
91175
38639
7188
14272
15455
59257
32138
55785
646
57722
12703
65523
24262
60678
23690
9820
53578
54069
91202
61440
55103
76187
83119
56614
60130
54679
8992
80022
76005
76174
80591
56550
78547
36318
37915
7945
7496
42676
89725
27581
13890
33325
52540
37171
75983
29899
97493
15508
8585
65417
30596
31261
39633
14482
38655
69316
17392
6198
30492
13348
41803
18682
91066
36030
84339
38074
44746
52730
72140
14693
93185
14525
64238
64285
53151
52024
40394
43310
70107
32767
56319
73743
24506
61844
93032
5125
79445
37919
42603
79388
40739
74957
27752
7468
13411
13775
48554
75771
42261
76855
85927
75301
18384
64971
68619
86552
18355
54721
28124
59254
18342
32433
24211
97628
91457
91714
22707
99016
53446
29500
46723
96588
69139
98554
2656
25283
70119
13194
3160
64207
62620
59337
70644
8465
23959
30078
6946
88663
95646
93545
57482
87354
81790
1157
81502
98208
52565
61204
63971
35961
34209
35276
69169
32970
39410
63137
41283
51712
54920
85472
3044
1601
56832
13277
89907
73229
68226
87727
84321
93479
8720
84971
82280
60875
10973
46576
32717
42159
95302
58258
39138
98277
282
57028
2533
60769
64600
20047
14699
98042
43411
77247
81970
95081
21028
94164
70744
19842
51067
91455
18247
64927
14987
3219
44670
34090
40481
27496
36102
89684
62269
89236
41595
89415
39601
18527
42279
18534
67113
45019
5599
67125
28713
23283
33543
11177
47724
33177
50176
30857
80821
44374
50830
39731
88096
94802
52973
4642
87121
9060
47099
7508
64968
74712
44891
37566
78888
1958
61457
5356
23726
15234
48637
38236
82108
64146
17150
51300
2097
95483
46798
87254
66188
98099
85989
84160
25455
18084
84511
60908
73065
42927
86791
6856
22567
70272
36816
24276
38042
9350
10408
110
35602
11370
95763
76943
38688
88883
88934
52241
23248
63541
57365
59552
33116
76677
51664
75757
80744
7818
13443
54364
73984
72450
35365
6451
25671
12319
78482
38062
9534
48996
41469
5695
23321
44650
6553
69969
7995
2698
57742
11651
50480
45399
78369
23919
66697
25508
87018
10085
21442
64709
63591
96943
92204
62849
50566
20497
25094
88873
88409
53022
62802
46885
58683
18270
46891
8898
63534
85051
9670
19620
66082
38534
74559
7997
52627
3286
78064
85272
54649
32459
11342
69961
86278
83404
54842
56387
11157
71669
45623
35371
51604
32450
73647
83123
92506
21492
50770
57583
12530
55809
34096
80188
96084
28732
13991
35467
40854
33463
96285
90859
77796
94686
18072
24825
63156
38692
36956
52547
85371
29101
24797
55466
53641
57450
78626
53362
99510
5757
33886
5877
27982
91604
28040
94125
454
65416
16282
12437
18256
54251
85255
95288
2545
36810
45615
15151
34040
90301
9687
13207
24377
71371
76663
66832
39747
80546
54446
55221
87096
12433
44656
57696
3284
12405
5303
8008
58430
44575
84218
32325
96103
25553
85592
18639
85033
93838
91827
942
49738
65640
13403
92814
80726
74498
80561
71961
98884
4301
22361
99719
63196
3106
1006
57764
66117
8651
82357
97949
56744
25499
27131
30647
68317
68489
81533
21972
3666
27489
30960
30898
49886
14394
55845
93565
51817
24920
94879
53965
72829
84921
77562
47695
10981
53810
35391
68653
18780
26113
38999
87271
95575
6273
37162
43314
83049
31512
92824
6262
96309
82925
21176
81976
65776
55888
35272
45579
48348
57489
95832
97378
90254
60881
43578
71235
88571
74273
64813
72837
3519
75762
3986
89182
19507
24262
90540
89931
39268
81516
91623
36314
22512
70496
37071
23935
48194
51450
88603
12069
87776
18457
41231
33956
25815
6526
51665
40100
53739
52149
85841
99743
92863
68625
65685
74449
73484
81602
73848
82103
8333
19955
44384
89698
50700
72472
27193
8883
20246
1777
64565
19526
12776
53463
59245
13476
84226
10692
45202
33148
13621
22259
94631
77806
4956
75655
7718
64079
83773
95685
35289
56733
80585
23948
78759
30672
70392
74785
96561
85836
55192
69290
21834
12891
34692
20525
62180
99538
9348
80315
9088
74765
99416
60830
31948
11511
43883
12590
69601
46989
63913
74650
60961
34320
36924
12403
75492
9104
29401
23766
14188
40266
79280
25511
52181
35728
2001
28025
85242
90369
18265
69050
24132
96285
66105
4732
53177
83449
65011
49817
32397
22686
45679
17870
76121
2264
45390
37121
85308
84400
96045
7883
45592
58649
99577
23411
28619
35404
93762
97698
50311
64618
60369
30876
46451
22421
17146
95716
23355
81370
65314
47238
29354
68940
35034
41439
71463
23166
82748
98916
70814
74434
46353
64480
10327
18020
56799
94784
78542
93262
38083
52623
54706
52162
1444
98716
11866
82686
54188
49655
37180
50231
98709
14131
81551
34462
93089
28664
54376
68127
81071
88724
73391
29468
76269
11517
64493
517
3145
72608
81876
79800
55569
30205
84957
29903
32744
88049
65290
47822
51776
50777
64035
69243
16387
94012
58544
56580
42062
5550
25224
75050
99316
53718
5087
31079
38866
4304
8262
32940
5129
38406
94218
34844
27785
20170
55579
42569
5079
25520
15131
91224
57057
70910
18009
53930
32142
74501
64009
3910
96227
41289
78608
31942
19913
88419
65513
16089
6546
17241
18393
51297
71411
94610
94983
72722
90708
27549
72830
48518
87891
2556
12679
75370
14492
13715
52912
83173
12709
22185
46386
44039
17880
73749
29643
85211
70340
50814
83740
25485
58249
50561
5754
90358
5633
61925
60551
12446
53190
60668
23492
90537
53345
53979
56503
63240
15555
83925
82299
51265
93089
42477
34528
36195
98291
59962
65219
72971
69715
3466
85187
78347
91663
62059
97840
98199
84241
1694
62404
32880
40410
44139
88634
91641
85402
61622
21851
54746
73445
81586
24488
44958
16890
64487
98337
48926
63663
51613
20277
83341
368
79624
83523
70776
60428
23841
46296
75762
59331
63254
90280
52923
62332
56840
82386
75877
13907
82934
15035
48158
22796
21295
72576
45518
1649
50879
34419
2775
6088
95524
79074
37744
4426
74346
97556
99816
36343
4052
59430
41399
86470
56312
311
36681
7166
94912
15704
14122
73668
4605
52833
26527
44376
76432
89466
55770
29170
32735
76720
37953
39502
59152
1460
99210
5399
60604
93130
12386
96574
73621
59740
20424
77532
48296
88168
23643
59817
59745
85140
94884
88540
21167
66879
69114
14802
48408
27880
52157
60857
69422
32176
7020
80650
81064
74135
5680
54758
30397
50021
79193
35865
37998
66427
59667
78530
86723
87211
83856
45353
70961
86618
20107
80506
38616
33062
87815
81238
60897
75378
61783
78041
33453
41351
92556
55032
46438
86933
28296
3519
60869
53827
93675
3734
93889
2922
67021
72450
46566
91626
98104
97450
4411
54195
25964
3759
3023
25916
88585
61116
79076
24388
64467
47317
20346
64090
49843
27870
87541
34081
54715
98821
5423
12866
95914
66690
11002
29396
75994
7078
2610
4576
63081
51860
55154
23835
28666
3784
54146
98015
57864
66826
53861
67208
19797
10874
83495
90159
74530
60055
9226
40470
97402
5516
9825
70
21566
95440
38775
287
35263
47836
26821
11337
21567
64859
25455
22177
95257
1440
4045
84373
74006
55437
91150
16045
19172
1824
94030
74888
95321
89114
39413
12931
26931
52742
53329
19880
75785
77091
38121
46817
23218
55613
10708
77455
17604
56712
37765
80307
39420
2043
40693
31832
43700
3396
46058
48017
62863
84540
25678
99819
91643
35163
4582
16497
30289
5512
14784
138
32155
52356
38166
84512
87518
89597
12683
71881
76672
80122
72713
72525
42268
29446
56592
53458
63401
6238
42154
75186
62056
19985
64629
58347
36324
31860
30258
75675
94173
61291
63746
8986
56606
77768
17986
45721
9644
35110
30429
15117
10868
13694
32095
80115
98157
85124
2384
7939
5751
3294
15704
39569
65909
56043
44400
66369
63267
82368
66504
721
13295
71583
76597
96753
56349
12884
13343
37135
94438
56430
98260
52362
49073
80388
26860
80115
85481
32254
65465
3976
31007
27395
84904
33161
13597
42852
5694
97923
60132
40309
38405
38898
23679
88508
77653
62862
53795
32485
48427
22309
84672
74638
9489
51657
92138
90977
90100
59086
62471
4797
73600
29679
23467
79580
44123
42954
11364
73137
81266
45840
86002
15723
21556
50756
60963
36389
5279
47709
85485
63796
92594
29176
582
70437
63780
27030
93054
12506
15038
51884
87997
41578
23533
6961
52895
28809
83136
20957
34580
47540
5792
7379
14070
6021
42552
11398
43703
8328
3001
49571
26013
48683
42103
82575
4426
11991
39527
86637
62129
61745
18014
5425
67372
45376
34604
70930
60949
36656
31369
79215
54783
64955
50718
94878
99302
51947
4480
36746
81667
87794
35625
66492
36955
30865
26852
61765
90036
7755
91205
5911
97162
23649
26477
67456
23149
66996
27359
74293
72602
7034
27130
9830
91735
37856
84138
71400
71125
18534
37397
34819
9143
95201
30342
63181
40790
68115
42121
82941
97369
84307
71739
25701
38623
94814
91972
331
90922
14356
27164
16738
32574
60884
11854
29975
90471
32633
55651
11374
51096
1055
73831
81991
43233
59494
42847
62907
19832
69478
5307
6764
52052
89181
79865
75423
49825
51937
28128
19768
40131
86570
92819
99334
66750
35899
49335
51921
23353
34922
6223
86234
95578
55990
49258
24272
67161
14726
48451
64393
40149
57466
37664
70868
29939
18699
32495
21203
22101
45266
73643
58631
19856
33028
70175
3931
68616
11218
69970
78054
17114
39936
3049
75079
63419
56975
27599
3570
38567
21643
58192
83707
495
55273
71039
47393
46659
70798
62078
39015
4981
17065
80279
55691
29623
37478
70739
97543
10675
57138
39994
20892
4914
67800
99424
303
8623
75763
51702
8963
22813
14266
59952
21164
6231
98977
79613
25493
72167
22873
38967
12834
61364
45065
25846
69401
15204
27109
75293
61754
80876
9824
55719
48106
3391
3882
19600
88243
98030
88180
18834
52968
51280
71472
84567
53212
68254
74753
36641
18860
70295
34597
18777
57775
47701
10926
52188
16662
89415
6634
62507
47105
44046
71009
62770
52540
14711
64120
68647
54832
53992
5081
81167
72813
4672
13580
96942
49333
26922
81074
96180
98244
63303
75760
14754
68242
19162
93688
28178
36591
77922
17367
62549
52491
28305
32708
331
47231
53615
85364
67325
16229
22045
28309
71269
56702
21312
23924
12167
13937
977
15922
99843
48976
21431
79101
95134
91069
59817
88235
37700
79298
90035
21313
35704
29557
36499
26921
70371
85428
99475
40700
11940
24477
63586
31650
52589
95088
30450
95445
36620
53249
61474
88990
8525
53477
77444
18138
5509
23666
37813
48747
92641
19650
14515
10244
75981
12089
82624
341
31894
5612
73346
79783
59208
28139
73554
66793
94948
56943
10557
2268
34096
67215
30708
58898
59141
98789
66193
9998
16187
37161
85544
57158
70878
96036
40369
39782
39731
70411
53254
14061
20171
1511
40006
94174
36122
57947
23097
94283
75027
91023
72629
96283
16905
66389
6136
95391
46378
9089
89155
43253
94558
24549
4835
16615
79265
74149
2657
88482
99256
90780
93960
68281
90979
17129
35022
7667
74811
37445
27253
39482
1852
52143
68488
28733
61996
13828
9303
66551
29416
3207
3993
30754
2460
73833
97106
69932
41626
35745
53288
41917
21430
79780
20746
52017
89841
66755
16787
91620
72408
18632
37627
73521
67285
52443
24082
96785
52066
91989
59770
51001
63677
77149
39098
87454
18535
66172
18565
43052
11736
92414
56823
1751
71300
93714
56461
17803
46262
79993
43580
5294
75908
42609
60063
19266
21517
37660
97784
15127
41672
94623
74042
75116
57562
11617
33148
33250
85595
99020
60362
13496
11314
24355
11277
19832
40711
93003
92242
81404
92970
71771
75615
61177
92035
25223
97323
82262
73543
88393
63698
12535
48348
43669
89487
75226
54184
4525
99653
20808
82993
34277
53787
3828
93012
44139
93912
57265
1914
21577
73925
46519
10152
37368
2087
15324
22104
67710
16761
6703
16667
46380
19953
53466
68713
31146
13269
84826
38112
28519
16509
88398
23975
71428
429
108
28403
85484
32053
68503
86177
11271
13478
54489
94692
72429
93228
82678
21884
92341
42996
56380
78974
65761
22009
84634
19592
86051
96264
46781
67107
13501
40547
37728
78046
45690
27359
95348
20964
17022
98869
10420
87405
11218
25425
59005
54413
17992
77357
77416
86462
3068
75597
20645
98834
89349
40955
6596
4120
66257
32001
50534
28861
54143
47083
36771
18341
51158
67306
57976
44070
81064
34195
76396
90748
42247
88272
25815
27311
30495
42929
78270
60106
71163
31748
45358
25378
49902
46812
70329
2864
75396
80571
94313
22734
42412
94473
47602
93978
88946
63832
25283
3983
57381
90314
55405
26216
76275
30934
57427
25793
76808
65584
18864
71130
45870
13929
88857
43990
96389
16832
98819
89930
4765
17567
72338
66493
25082
13661
79226
27429
40337
1506
21886
27833
51962
2770
16089
47288
40700
44157
42825
5921
54245
60205
3043
91752
90042
2594
2906
26798
45265
68798
33637
74080
216
7997
87028
28052
86261
22726
65413
36878
64919
61081
3184
76617
10789
86162
15842
34536
47799
16948
32166
61644
35586
57961
45207
22964
40793
73839
38652
8159
56732
19329
6522
64842
54047
5223
86207
82205
54908
66439
67529
83588
23738
99671
23815
83177
58604
54951
34894
24227
49121
98000
36493
44040
39097
8362
35647
4389
95136
42090
77588
85150
36017
67173
35966
63628
21906
74873
25314
92372
37350
80813
2368
44262
27439
55926
31114
15195
62685
69254
35395
61941
14880
82115
52440
5552
23548
6307
30869
49151
20633
27765
87505
43055
59636
1520
48793
79842
64675
43781
54605
17332
74805
82649
94981
8407
9409
80206
83567
63177
21608
5651
45490
81187
38353
21634
11940
69228
8234
44139
68929
3732
91033
49959
3452
5852
26667
35288
26743
71996
15373
73901
31366
42959
25900
84092
56517
697
23924
89760
94274
53445
79017
52978
68408
7011
65270
62858
56932
22958
17993
88692
9772
32839
46925
44119
33688
11701
35017
63435
78054
13826
71041
61238
57115
38969
74189
32178
87042
28337
69292
48898
99398
86123
62399
33139
16541
84610
48215
7478
39066
38714
53227
83344
550
29266
81373
4715
90645
13438
82693
46256
34042
85397
9649
59775
39813
40649
60677
73388
3386
53427
36000
74171
51628
98126
46850
46895
70524
32952
26012
98996
44414
16786
84922
75066
65968
48758
50571
52919
46885
4054
94071
17683
70683
89226
31980
30394
81068
55602
41336
43196
91957
90322
79854
64543
38632
51150
43842
44674
63324
23380
28127
34159
43173
55022
74666
66472
23610
69873
9478
29282
16050
67192
71166
18586
55201
91389
28529
14807
88342
95481
69622
80621
86594
28000
20131
56570
26520
44653
15000
22365
89312
83230
4060
99376
64373
43066
19667
92875
24266
78847
72466
11409
58825
52630
69900
55075
17641
87638
71397
34478
12164
32731
4004
67780
71381
77419
62711
4572
28294
53854
10864
42123
38354
24447
77735
32149
95587
81595
22777
24331
17275
79455
98969
56630
13898
76771
1375
81801
47456
94509
31187
14552
8324
82321
40470
94433
8488
43888
48238
85812
97309
92713
34660
78169
54889
97190
26905
7495
7635
26561
87507
92694
40847
27877
4121
69686
53906
48133
58136
10255
15091
65442
18894
32778
25097
8491
70059
47541
91000
24424
25249
30673
45731
1926
31074
87589
22010
68455
87534
49375
4290
58421
38052
43667
37402
92559
94401
95392
66404
17831
65450
42069
18560
31889
52804
93435
15435
56481
61375
25810
20754
30117
48330
77828
87990
61903
18
6139
70547
25680
83204
67120
96987
76386
64302
13850
93898
39078
28286
36326
59815
55072
57567
27318
55032
69429
50389
26261
74183
9280
68105
79245
11164
33497
1254
54421
9241
30770
35399
69038
13154
5366
79498
16855
4535
17655
91873
32791
7166
40004
1882
95491
94388
47644
78993
47821
17410
88885
45195
10375
285
69353
61541
73704
15057
40890
45125
81241
58818
7346
88889
56778
3381
46680
63403
87923
77810
1646
77114
50042
74235
9764
59580
44006
38158
27397
10761
25441
15916
52430
28747
23203
83984
65386
88099
80444
77503
89788
91530
2898
68693
19135
58698
65917
19765
70082
47699
14317
49480
99246
27138
87203
7678
64503
29695
13767
47899
20736
21697
55383
24671
14706
17431
14406
19042
84025
51841
90670
13654
71211
677
42998
96933
35317
3339
4888
74907
80925
359
11099
8698
27044
44832
14977
75927
6954
85112
15133
75083
24112
44691
64502
53278
88932
44401
4806
39932
26611
21987
55094
11562
77064
4537
84320
96156
4732
80396
14789
49558
98076
98936
35829
812
66567
98882
55217
68618
36293
28932
79596
96838
4503
77970
94596
43403
38028
76464
10309
84057
90915
65443
48477
60026
72511
54997
73991
6990
18872
10303
15193
51696
7530
9968
74991
52078
8521
18795
7982
86918
83005
5111
27464
71904
24908
11362
10713
90358
90714
55980
90831
78952
77889
4319
59185
1416
93329
96999
53663
76523
99865
65101
74945
611
41014
93359
55419
19364
22029
14910
3583
58858
68752
34110
60525
21591
94834
77568
34445
89684
82633
67755
24231
54491
23389
98440
3740
9503
68275
66686
14687
1774
13470
82219
7967
35988
79612
31789
80719
64851
48871
23424
79637
79660
91230
73540
79735
35731
45787
28434
2236
8730
22462
30933
5223
80093
54923
52880
66365
92298
66451
14545
78287
98133
7055
3235
94046
51988
82374
85093
92701
55749
22717
76410
83117
77081
34034
3804
27888
3643
31750
36213
48678
83237
83022
15896
69313
26933
73388
50468
63543
19882
69663
53552
744
92835
72596
37650
24654
56328
39926
69670
57801
88999
13371
96838
97401
1731
1524
38738
57288
70085
54684
19846
14815
38921
17400
86151
41724
55146
59803
9317
33563
77231
69789
32320
3561
43402
34661
51655
73732
54367
53084
62866
78505
40982
96006
18592
94325
42415
78685
61263
22433
16213
15010
96219
81439
38053
49
65235
11317
26035
7054
65335
51069
42060
91137
33239
28646
81109
63395
81904
93500
58185
36473
32374
29781
42223
45405
31488
11233
66460
15992
84027
97686
65535
87095
56444
27398
51041
92912
28598
29516
39275
76628
79754
66617
87643
37815
95622
18486
79440
12512
74281
35256
20664
47134
90628
20496
77102
55195
51299
53024
85050
39273
35045
19952
14874
19749
67120
12888
53015
36536
20505
34243
95126
80354
71644
71218
10657
66087
63852
21322
47542
82283
47670
95172
94575
38141
74198
79850
8560
82088
14773
19214
43557
84571
68350
56351
90315
61702
96605
87760
45406
66173
95928
98832
81637
87140
75431
85896
84000
81742
60520
21325
48685
7525
82721
85104
16656
37210
48184
68799
27803
15123
99645
55971
36871
58011
99633
96899
28176
12101
66290
24823
2529
52908
87443
5965
86850
54708
23422
76235
34637
62454
84579
93772
43716
70585
35629
28385
16694
50318
35607
16478
29013
69893
69670
33181
49735
20659
66891
72180
80951
95993
26862
78134
43163
69764
97120
46587
36012
86340
53318
91928
46423
5148
34481
85223
59520
39334
76892
80627
51608
90313
71811
81629
9053
7799
44631
46486
22075
98385
16068
96021
48277
64818
59575
66313
27140
82815
13422
43846
53779
12609
40739
31335
87938
98357
56322
18695
82473
30151
55090
75527
64533
30527
83850
39030
92173
80273
95362
44346
39334
16733
11700
33173
32886
21894
2524
80830
76916
67305
53094
2003
51423
98119
56741
31024
65320
19598
16992
23836
76903
95914
85649
95659
68898
83389
94889
90913
79722
98028
63771
80079
47801
60774
72564
91978
21564
72904
1911
19318
24165
48753
28066
80370
39043
73249
50338
80328
95
57717
2314
92106
28544
38987
64612
68285
57512
4042
53594
3400
24848
25289
7856
88921
94947
59981
32318
42057
91106
1390
88311
43863
81350
69076
37340
92230
62765
90882
56015
60898
32009
60272
40191
56951
12993
49207
7410
86145
36643
18950
88525
67915
32209
99034
71723
90072
94754
98080
25145
56972
39277
69233
77952
64314
38314
77693
83887
28765
66956
8150
26257
11246
46863
5881
48750
98974
89168
66876
12627
53268
85100
79518
87539
87626
82679
73232
80612
13748
18048
47924
96401
81914
40765
42150
98971
46577
83856
47645
16544
7979
81427
93168
89060
16302
29341
1593
9488
76117
17767
70745
50777
55765
38319
40702
2176
88859
83059
88083
60908
53228
7830
31349
38260
26370
28138
40176
42697
45920
52316
16705
96901
48625
33641
56779
30457
21963
40845
5249
65411
78834
4721
91005
78066
57634
97439
64619
77054
57529
40778
64252
85168
41914
19610
4041
50352
81802
97805
13155
39909
65271
95156
53491
91209
69135
85919
9284
2032
74642
22327
72844
44189
10267
69654
47277
75166
21560
63391
49167
4272
561
63602
22112
42136
55372
86737
65397
25415
64326
40972
41226
62113
38521
77544
48582
87258
11539
97651
42183
53443
85824
22118
30895
6289
91419
39340
11592
10985
54714
95974
81633
2792
32321
84341
25979
31765
38387
10736
93393
59934
82382
99593
60317
47808
38822
99930
30629
36286
90395
12498
34919
89942
21609
48763
73800
18126
91338
66157
96390
31430
79556
97939
17311
22846
86041
10562
53351
85233
57017
76630
4441
89791
29415
47335
12626
53757
11893
44638
7468
19863
66713
70600
86607
54893
17270
48852
86201
50207
82285
71548
67504
73187
29636
24073
83109
75320
50244
99282
89149
9969
75636
93283
38253
50905
1545
95530
22112
31258
34313
47438
32234
41793
46884
45788
72781
37290
16799
9853
90350
275
19910
14476
82143
2483
70392
15278
6168
86157
30166
56692
44951
59665
58992
58726
67710
64877
40248
24137
94986
27408
96830
94134
94476
45003
6600
7784
27124
4280
37460
87941
18471
41452
48432
84879
51889
78854
44953
57655
67471
75746
34188
62851
3233
29301
99253
50487
33722
49638
30
37691
45198
11379
12656
42145
36270
53443
39784
9411
48212
58679
59341
60836
10123
95387
30813
22134
30681
43924
44939
66585
80461
63317
85258
21399
86605
75161
68063
40931
5089
55089
41102
46267
44921
25684
50769
67086
93326
38975
32515
98803
31253
21497
39901
5628
34563
30396
3934
58504
27800
35164
6264
95813
94650
96338
57318
34263
52055
59857
93585
37585
63364
23749
47058
71436
45
62447
94215
34350
61111
13270
61956
56608
24819
39450
53523
1613
38111
84610
58767
87604
45865
24667
29932
71527
24236
4909
36730
1364
10178
22344
62560
48471
12724
76397
67546
77221
50662
64674
23411
95691
85954
44704
20273
58196
12591
17486
56067
58123
16511
14120
45559
57853
43816
82918
27843
51442
1711
81154
8699
45322
69422
72938
47353
72441
14823
22720
85951
26051
96555
52520
24439
10807
81166
251
63569
60866
20095
76300
74414
67363
12296
66116
3999
90932
24901
67561
93589
8882
56478
83620
68703
61169
5326
13346
58003
14509
48663
96950
12064
59723
47689
74560
22352
93916
68149
12376
85804
16056
46437
34859
21028
82237
37151
77039
18399
25243
49670
37169
98260
41860
18467
66666
58918
91048
54750
81671
19280
26177
95452
18522
99760
5357
99692
84059
39474
85350
42510
70933
17723
6543
21047
17913
33492
19183
19276
95721
97868
84363
73958
90016
11241
7165
46741
34863
29641
23927
35125
22445
72725
70774
48473
77702
89677
6352
34355
40240
78701
48122
65173
40056
50782
8659
85413
88522
39074
86002
75748
31532
81490
70502
11876
27844
46011
79436
83116
22384
25716
20299
88682
81636
3714
13788
47940
46246
76888
78344
45106
34556
31800
89521
78498
58
86072
79490
99821
5575
44266
34697
9888
27519
68497
82963
23797
44631
30951
35255
30771
97400
97964
61897
51697
26680
93496
38189
40868
13035
3577
90165
87510
41957
12713
7688
47387
14319
8249
69090
75093
6306
49340
39297
33618
58559
73444
61595
29347
40367
5138
62215
57861
91478
39606
26395
48723
91488
96255
84774
65930
44723
76715
69797
54752
97159
15852
63195
25402
21187
84452
57682
29325
13813
87901
98692
14831
54497
6389
55250
45394
59816
39147
93017
26132
53971
47685
87118
11832
46480
41152
17490
63329
71382
10741
35330
78126
95919
99406
75635
45875
50868
88240
17868
69624
69584
91432
64470
49751
48293
78064
15245
49030
56289
80855
64540
44533
31413
9500
37748
24855
93588
59381
13767
9651
97149
95225
50917
52525
21299
93640
45198
38027
67325
48507
1836
98852
91008
78849
93740
60296
49167
30056
13813
65567
80415
26239
1931
47830
71914
14025
42030
92614
86291
36217
79852
77736
35862
87562
7737
86924
94932
34194
99256
68071
35168
23412
53566
47358
53904
71049
26972
16444
40742
89977
87564
81521
93908
15178
27681
219
54559
88336
8483
35169
74623
88069
91144
21539
71714
30631
29944
79876
53306
20384
63943
5340
11550
99306
46040
29715
29
30465
90820
83589
4190
51646
5941
82602
8339
52250
95711
23940
43796
59042
90099
7047
75198
64528
57521
85990
44892
95477
5634
19995
49016
98504
60737
13384
63062
14661
43445
26467
69607
25612
25969
94916
66373
80258
64674
16699
48899
52541
50456
52887
68833
38703
9063
41487
66230
75422
13670
41863
62223
48993
42790
11445
77047
70128
28046
66094
7630
8982
88379
90858
58847
20640
39948
48755
72995
42566
4245
81872
43180
12438
10939
11228
28033
37260
6445
19678
7550
42863
34428
45636
32821
46586
50249
24428
26035
25407
67782
88816
81403
96751
14068
80577
2458
89884
84978
30944
86738
62052
53333
39341
34933
5431
79859
17010
18309
98461
16917
64990
85627
78296
75104
24353
28724
49857
43656
70676
54542
1374
16954
24457
30655
66342
81558
14492
81172
57419
60796
62200
10414
99106
97284
51469
22846
2919
77676
10778
89516
61286
68459
62223
83586
84559
36822
85490
70548
69277
76416
3935
92321
65240
44240
24602
28674
3946
41936
54389
54265
61602
42488
70476
35102
56200
71559
44757
24308
20005
1687
9189
23851
46373
7063
1837
76232
82923
56840
51819
38128
31865
95661
45454
66591
22702
71573
65628
17659
42502
23527
11713
17072
44632
33324
88325
13299
8065
80194
97825
64181
86299
10106
83618
40240
67443
46440
49194
50062
65148
23894
21266
6158
73858
23197
34474
53300
51233
20726
89818
75615
35620
44105
79303
83510
67095
42584
75265
57061
56865
39258
54408
88569
41719
31155
63782
23738
67725
42731
38796
48292
70533
18522
51780
4841
58391
61467
3719
53400
58395
84887
71471
8247
56508
48103
88132
93597
47516
88398
65142
61150
12376
45307
61338
3589
57292
97140
66343
79922
81387
94209
93521
40872
87970
78398
71194
5532
18173
24508
79877
94114
65131
25251
8019
65850
21896
68815
89046
45970
26912
25573
38492
51175
97157
68845
31537
39138
80952
3535
48528
14286
19954
65992
68866
19506
82987
88670
12090
31383
23160
93903
9099
55206
14069
92590
36135
85215
40964
15606
59499
55406
58340
98423
19904
56740
76731
72778
31999
37663
8347
93060
86739
36633
83739
39744
22179
17674
49808
97282
71656
92985
73233
99745
7474
20251
2822
73846
72854
56510
89263
86114
35295
35343
21450
18609
387
9587
14758
55873
96785
67932
78632
64771
80169
90473
98269
88382
6903
55648
88395
55314
96558
49017
15875
26590
36529
52902
42290
63704
81681
15183
7652
3468
67323
5394
62031
67960
84727
66739
53208
21212
65011
63805
95275
8133
79412
7417
75707
75791
91810
10517
6506
82307
92799
91885
88840
44412
3713
98163
39960
61183
63702
58855
26206
78481
3301
23872
56571
26317
63858
58649
17544
69653
43828
87998
71858
62107
40079
86568
1282
81523
5245
11199
46742
56605
60581
58373
87840
64566
87881
8659
8207
91209
73705
89213
13161
96871
94505
45309
1798
24355
12219
62341
46891
18286
96421
20858
2874
99234
1409
98921
44710
50507
4354
58466
38598
30676
54170
65279
59211
20739
89793
95899
97593
51205
61286
78905
48824
31456
27518
2974
29236
21420
10118
99553
49216
43885
54991
74127
59530
34713
89884
16754
96626
67754
69334
69963
75515
71450
66759
70070
17592
74911
7589
6556
55171
82666
36967
63437
24511
79368
80958
16390
44756
8362
91099
59887
81500
51375
58743
29721
10549
60483
47845
68018
30005
58069
22665
50225
16931
25655
40333
56517
88602
48311
37285
23725
7784
67747
63304
58062
66463
24259
7224
23859
93125
35364
14303
48947
54919
67279
16879
3489
67967
4309
87096
15746
86588
10752
73348
85698
15330
10137
530
45346
76515
77373
98264
93201
70364
50842
71009
99681
84779
23506
39230
39978
47557
64773
61829
61490
65014
58180
96579
33986
57942
13858
67528
62431
88310
29309
86146
64762
68291
27205
16502
29879
56936
94694
83757
74747
79237
85165
55
13734
47337
20419
22147
38160
24263
48939
61102
79565
46871
74180
36000
96246
16542
65788
726
79430
73726
6158
75820
22742
95548
4953